#Time	QueueSize
1	1
1	0
1.10005	1
1.10005	0
1.20009	1
1.20009	0
1.30014	1
1.30014	0
1.40019	1
1.40019	0
1.40019	1
1.40019	2
1.40019	3
1.40019	4
1.40019	5
1.40019	6
1.40019	7
1.40019	8
1.40019	9
1.40019	10
1.40023	9
1.4007	8
1.40117	7
1.40164	6
1.40212	5
1.40259	4
1.40306	3
1.40353	2
1.404	1
1.40448	0
1.50023	1
1.50023	0
1.5007	1
1.5007	0
1.50117	1
1.50117	0
1.50164	1
1.50164	0
1.50212	1
1.50212	0
1.50259	1
1.50259	0
1.50306	1
1.50306	0
1.50353	1
1.50353	0
1.504	1
1.504	0
1.50448	1
1.50448	0
1.50495	1
1.50495	0
1.60117	1
1.60117	0
1.60212	1
1.60212	0
1.60306	1
1.60306	0
1.604	1
1.604	0
1.60495	1
1.60495	0
1.70122	1
1.70122	0
1.70216	1
1.70216	0
1.7031	1
1.7031	0
1.70405	1
1.70405	0
1.70499	1
1.70499	0
1.80126	1
1.80126	0
1.80126	1
1.80173	0
1.8022	1
1.8022	2
1.8022	3
1.8022	2
1.80268	1
1.80315	2
1.80315	3
1.80315	4
1.80315	3
1.80362	2
1.80409	3
1.80409	4
1.80409	5
1.80409	4
1.80456	3
1.80504	4
1.80504	5
1.80504	6
1.80504	5
1.80542	6
1.80542	5
1.80551	4
1.80598	3
1.80645	2
1.80692	1
1.8074	0
1.90173	1
1.90173	0
1.9022	1
1.9022	0
1.90268	1
1.90268	0
1.90315	1
1.90315	0
1.90362	1
1.90362	0
1.90409	1
1.90409	0
1.90456	1
1.90456	0
1.90504	1
1.90504	0
1.90546	1
1.90546	0
1.90551	1
1.90551	0
1.90598	1
1.90598	0
1.90645	1
1.90645	0
1.90692	1
1.90692	0
1.9074	1
1.9074	0
1.90787	1
1.90787	0
2.00268	1
2.00268	0
2.00362	1
2.00362	0
2.00456	1
2.00456	0
2.00551	1
2.00551	0
2.00551	1
2.00551	0
2.00551	1
2.00598	0
2.00645	1
2.00645	0
2.0074	1
2.0074	0
2.00834	1
2.00834	0
2.10272	1
2.10272	0
2.10366	1
2.10366	0
2.10461	1
2.10461	0
2.10555	1
2.10555	0
2.10598	1
2.10598	0
2.10645	1
2.10645	0
2.10649	1
2.10649	0
2.10744	1
2.10744	0
2.10838	1
2.10838	0
2.20276	1
2.20276	0
2.20276	1
2.20276	2
2.20323	1
2.20371	2
2.20371	3
2.20371	4
2.20371	3
2.20418	2
2.20465	3
2.20465	4
2.20465	5
2.20465	4
2.20512	3
2.20559	4
2.20559	5
2.20559	6
2.20559	5
2.20607	4
2.20654	5
2.20654	6
2.20654	7
2.20654	6
2.20692	7
2.20692	6
2.20701	5
2.20748	6
2.20748	7
2.20748	8
2.20748	7
2.20795	6
2.20843	7
2.20843	8
2.20843	9
2.20843	8
2.2089	7
2.20937	6
2.20984	5
2.21031	4
2.21079	3
2.21126	2
2.21173	1
2.2122	0
2.30323	1
2.30323	0
2.30371	1
2.30371	0
2.30418	1
2.30418	0
2.30465	1
2.30465	0
2.30512	1
2.30512	0
2.30559	1
2.30559	0
2.30607	1
2.30607	0
2.30654	1
2.30654	0
2.30697	1
2.30697	0
2.30701	1
2.30701	0
2.30748	1
2.30748	0
2.30795	1
2.30795	0
2.30843	1
2.30843	0
2.3089	1
2.3089	0
2.30937	1
2.30937	0
2.30984	1
2.30984	0
2.31031	1
2.31031	0
2.31079	1
2.31079	0
2.31126	1
2.31126	0
2.31173	1
2.31173	0
2.3122	1
2.3122	0
2.31267	1
2.31267	0
2.40418	1
2.40418	0
2.40512	1
2.40512	0
2.40607	1
2.40607	0
2.40701	1
2.40701	0
2.40701	1
2.40701	0
2.40701	1
2.40701	2
2.40748	1
2.40795	2
2.40795	1
2.40795	0
2.4089	1
2.4089	0
2.40984	1
2.40984	0
2.41079	1
2.41079	0
2.41173	1
2.41173	0
2.41267	1
2.41267	0
2.50422	1
2.50422	0
2.50516	1
2.50516	0
2.50611	1
2.50611	0
2.50705	1
2.50705	0
2.50748	1
2.50748	0
2.50795	1
2.50795	0
2.508	1
2.508	0
2.50843	1
2.50843	0
2.50894	1
2.50894	0
2.50988	1
2.50988	0
2.51083	1
2.51083	0
2.51177	1
2.51177	0
2.51272	1
2.51272	0
2.60426	1
2.60426	0
2.60426	1
2.60426	2
2.60474	1
2.60521	2
2.60521	3
2.60521	4
2.60521	3
2.60568	2
2.60615	3
2.60615	4
2.60615	5
2.60615	4
2.60662	3
2.6071	4
2.6071	5
2.6071	6
2.6071	5
2.60757	4
2.60795	5
2.60795	4
2.60804	5
2.60804	6
2.60804	7
2.60804	6
2.60851	5
2.6089	6
2.6089	5
2.60898	6
2.60898	7
2.60898	8
2.60898	7
2.60946	6
2.60993	7
2.60993	8
2.60993	9
2.60993	8
2.6104	7
2.61087	8
2.61087	9
2.61087	10
2.61087	9
2.61134	8
2.61182	9
2.61182	10
2.61182	11
2.61182	10
2.61229	9
2.61276	10
2.61276	11
2.61276	12
2.61276	11
2.61323	10
2.6137	9
2.61418	8
2.61465	7
2.61512	6
2.61559	5
2.61606	4
2.61654	3
2.61701	2
2.61748	1
2.61795	0
2.70474	1
2.70474	0
2.70521	1
2.70521	0
2.70568	1
2.70568	0
2.70615	1
2.70615	0
2.70662	1
2.70662	0
2.7071	1
2.7071	0
2.70757	1
2.70757	0
2.708	1
2.708	0
2.70804	1
2.70804	0
2.70851	1
2.70851	0
2.70894	1
2.70894	0
2.70898	1
2.70898	0
2.70946	1
2.70946	0
2.70993	1
2.70993	0
2.7104	1
2.7104	0
2.71087	1
2.71087	0
2.71134	1
2.71134	0
2.71182	1
2.71182	0
2.71229	1
2.71229	0
2.71276	1
2.71276	0
2.71323	1
2.71323	0
2.7137	1
2.7137	0
2.71418	1
2.71418	0
2.71465	1
2.71465	0
2.71512	1
2.71512	0
2.71559	1
2.71559	0
2.71606	1
2.71606	0
2.71654	1
2.71654	0
2.71701	1
2.71701	0
2.71748	1
2.71748	0
2.71795	1
2.71795	0
2.71842	1
2.71842	0
2.80568	1
2.80568	0
2.80662	1
2.80662	0
2.80757	1
2.80757	0
2.80804	1
2.80804	0
2.80804	1
2.80804	2
2.80851	3
2.80851	2
2.80851	1
2.80898	2
2.80898	3
2.80898	4
2.80898	3
2.80946	4
2.80946	3
2.80946	2
2.80993	1
2.8104	2
2.8104	1
2.8104	0
2.81134	1
2.81134	0
2.81229	1
2.81229	0
2.81323	1
2.81323	0
2.81418	1
2.81418	0
2.81512	1
2.81512	0
2.81606	1
2.81606	0
2.81701	1
2.81701	0
2.81795	1
2.81795	0
2.8189	1
2.8189	0
2.90572	1
2.90572	0
2.90667	1
2.90667	0
2.90761	1
2.90761	0
2.90851	1
2.90851	0
2.90856	1
2.90856	0
2.90898	1
2.90898	0
2.90946	1
2.90946	0
2.9095	1
2.9095	0
2.90993	1
2.90993	0
2.9104	1
2.9104	0
2.91044	1
2.91044	0
2.91087	1
2.91087	0
2.91139	1
2.91139	0
2.91233	1
2.91233	0
2.91328	1
2.91328	0
2.91422	1
2.91422	0
2.91516	1
2.91516	0
2.91611	1
2.91611	0
2.91705	1
2.91705	0
2.918	1
2.918	0
2.91894	1
2.91894	0
3.00577	1
3.00577	0
3.00577	1
3.00577	2
3.00624	1
3.00671	2
3.00671	3
3.00671	4
3.00671	3
3.00718	2
3.00765	3
3.00765	4
3.00765	5
3.00765	4
3.00813	3
3.0086	4
3.0086	5
3.0086	6
3.0086	5
3.00907	4
3.00946	5
3.00946	4
3.00954	5
3.00954	6
3.00954	7
3.00954	6
3.01001	5
3.0104	6
3.0104	5
3.01049	6
3.01049	7
3.01049	8
3.01049	7
3.01096	6
3.01134	7
3.01134	6
3.01143	7
3.01143	8
3.01143	9
3.01143	8
3.0119	7
3.01237	8
3.01237	9
3.01237	10
3.01237	9
3.01285	8
3.01332	9
3.01332	10
3.01332	11
3.01332	10
3.01379	9
3.01426	10
3.01426	11
3.01426	12
3.01426	11
3.01473	10
3.01521	11
3.01521	12
3.01521	13
3.01521	12
3.01568	11
3.01615	12
3.01615	13
3.01615	14
3.01615	13
3.01662	12
3.01709	13
3.01709	14
3.01709	15
3.01709	14
3.01757	13
3.01804	14
3.01804	15
3.01804	16
3.01804	15
3.01851	14
3.01898	15
3.01898	16
3.01898	17
3.01898	16
3.01945	15
3.01993	14
3.0204	13
3.02087	12
3.02134	11
3.02181	10
3.02229	9
3.02276	8
3.02323	7
3.0237	6
3.02417	5
3.02465	4
3.02512	3
3.02559	2
3.02606	1
3.02653	0
3.10624	1
3.10624	0
3.10671	1
3.10671	0
3.10718	1
3.10718	0
3.10765	1
3.10765	0
3.10813	1
3.10813	0
3.1086	1
3.1086	0
3.10907	1
3.10907	0
3.1095	1
3.1095	0
3.10954	1
3.10954	0
3.11001	1
3.11001	0
3.11044	1
3.11044	0
3.11049	1
3.11049	0
3.11096	1
3.11096	0
3.11139	1
3.11139	0
3.11143	1
3.11143	0
3.1119	1
3.1119	0
3.11237	1
3.11237	0
3.11285	1
3.11285	0
3.11332	1
3.11332	0
3.11379	1
3.11379	0
3.11426	1
3.11426	0
3.11473	1
3.11473	0
3.11521	1
3.11521	0
3.11568	1
3.11568	0
3.11615	1
3.11615	0
3.11662	1
3.11662	0
3.11709	1
3.11709	0
3.11757	1
3.11757	0
3.11804	1
3.11804	0
3.11851	1
3.11851	0
3.11898	1
3.11898	0
3.11945	1
3.11945	0
3.11993	1
3.11993	0
3.1204	1
3.1204	0
3.12087	1
3.12087	0
3.12134	1
3.12134	0
3.12181	1
3.12181	0
3.12229	1
3.12229	0
3.12276	1
3.12276	0
3.12323	1
3.12323	0
3.1237	1
3.1237	0
3.12417	1
3.12417	0
3.12465	1
3.12465	0
3.12512	1
3.12512	0
3.12559	1
3.12559	0
3.12606	1
3.12606	0
3.12653	1
3.12653	0
3.12701	1
3.12701	0
3.20718	1
3.20718	0
3.20813	1
3.20813	0
3.20907	1
3.20907	0
3.20954	1
3.20954	0
3.20954	1
3.20954	2
3.21001	3
3.21001	2
3.21001	1
3.21049	2
3.21049	3
3.21049	4
3.21049	3
3.21096	4
3.21096	3
3.21096	2
3.21143	3
3.21143	4
3.21143	5
3.21143	4
3.2119	5
3.2119	4
3.2119	3
3.21237	2
3.21285	3
3.21285	2
3.21285	1
3.21332	0
3.21379	1
3.21379	0
3.21473	1
3.21473	0
3.21568	1
3.21568	0
3.21662	1
3.21662	0
3.21757	1
3.21757	0
3.21851	1
3.21851	0
3.21945	1
3.21945	0
3.2204	1
3.2204	0
3.22134	1
3.22134	0
3.22229	1
3.22229	0
3.22323	1
3.22323	0
3.22417	1
3.22417	0
3.22512	1
3.22512	0
3.22606	1
3.22606	0
3.22701	1
3.22701	0
3.30723	1
3.30723	0
3.30817	1
3.30817	0
3.30911	1
3.30911	0
3.31001	1
3.31001	0
3.31006	1
3.31006	0
3.31049	1
3.31049	0
3.31096	1
3.31096	0
3.311	1
3.311	0
3.31143	1
3.31143	0
3.3119	1
3.3119	0
3.31195	1
3.31195	0
3.31237	1
3.31237	0
3.31285	1
3.31285	0
3.31289	1
3.31289	0
3.31332	1
3.31332	0
3.31379	1
3.31379	0
3.31383	1
3.31383	0
3.31478	1
3.31478	0
3.31572	1
3.31572	0
3.31667	1
3.31667	0
3.31761	1
3.31761	0
3.31855	1
3.31855	0
3.3195	1
3.3195	0
3.32044	1
3.32044	0
3.32139	1
3.32139	0
3.32233	1
3.32233	0
3.32327	1
3.32327	0
3.32422	1
3.32422	0
3.32516	1
3.32516	0
3.32611	1
3.32611	0
3.32705	1
3.32705	0
3.40727	1
3.40727	0
3.40727	1
3.40727	2
3.40774	1
3.40821	2
3.40821	3
3.40821	4
3.40821	3
3.40868	2
3.40916	3
3.40916	4
3.40916	5
3.40916	4
3.40963	3
3.4101	4
3.4101	5
3.4101	6
3.4101	5
3.41049	6
3.41049	5
3.41057	4
3.41104	5
3.41104	6
3.41104	7
3.41104	6
3.41143	7
3.41143	6
3.41152	5
3.41199	6
3.41199	7
3.41199	8
3.41199	7
3.41237	8
3.41237	7
3.41246	6
3.41293	7
3.41293	8
3.41293	9
3.41293	8
3.41332	9
3.41332	8
3.4134	7
3.41388	8
3.41388	9
3.41388	10
3.41388	9
3.41426	10
3.41426	9
3.41435	8
3.41482	9
3.41482	10
3.41482	11
3.41482	10
3.41529	9
3.41576	10
3.41576	11
3.41576	12
3.41576	11
3.41624	10
3.41671	11
3.41671	12
3.41671	13
3.41671	12
3.41718	11
3.41765	12
3.41765	13
3.41765	14
3.41765	13
3.41812	12
3.4186	13
3.4186	14
3.4186	15
3.4186	14
3.41907	13
3.41954	14
3.41954	15
3.41954	16
3.41954	15
3.42001	14
3.42048	15
3.42048	16
3.42048	17
3.42048	16
3.42096	15
3.42143	16
3.42143	17
3.42143	18
3.42143	17
3.4219	16
3.42237	17
3.42237	18
3.42237	19
3.42237	18
3.42284	17
3.42332	18
3.42332	19
3.42332	20
3.42332	19
3.42379	18
3.42426	19
3.42426	20
3.42426	21
3.42426	20
3.42473	19
3.4252	20
3.4252	21
3.4252	22
3.4252	21
3.42568	20
3.42615	21
3.42615	22
3.42615	23
3.42615	22
3.42662	21
3.42709	22
3.42709	23
3.42709	24
3.42709	23
3.42756	22
3.42804	21
3.42851	20
3.42898	19
3.42945	18
3.42992	17
3.4304	16
3.43087	15
3.43134	14
3.43181	13
3.43228	12
3.43276	11
3.43323	10
3.4337	9
3.43417	8
3.43464	7
3.43512	6
3.43559	5
3.43606	4
3.43653	3
3.437	2
3.43748	1
3.43795	0
3.50774	1
3.50774	0
3.50821	1
3.50821	0
3.50868	1
3.50868	0
3.50916	1
3.50916	0
3.50963	1
3.50963	0
3.5101	1
3.5101	0
3.51053	1
3.51053	0
3.51057	1
3.51057	0
3.51104	1
3.51104	0
3.51147	1
3.51147	0
3.51152	1
3.51152	0
3.51199	1
3.51199	0
3.51242	1
3.51242	0
3.51246	1
3.51246	0
3.51293	1
3.51293	0
3.51336	1
3.51336	0
3.5134	1
3.5134	0
3.51388	1
3.51388	0
3.51431	1
3.51431	0
3.51435	1
3.51435	0
3.51482	1
3.51482	0
3.51529	1
3.51529	0
3.51576	1
3.51576	0
3.51624	1
3.51624	0
3.51671	1
3.51671	0
3.51718	1
3.51718	0
3.51765	1
3.51765	0
3.51812	1
3.51812	0
3.5186	1
3.5186	0
3.51907	1
3.51907	0
3.51954	1
3.51954	0
3.52001	1
3.52001	0
3.52048	1
3.52048	0
3.52096	1
3.52096	0
3.52143	1
3.52143	0
3.5219	1
3.5219	0
3.52237	1
3.52237	0
3.52284	1
3.52284	0
3.52332	1
3.52332	0
3.52379	1
3.52379	0
3.52426	1
3.52426	0
3.52473	1
3.52473	0
3.5252	1
3.5252	0
3.52568	1
3.52568	0
3.52615	1
3.52615	0
3.52662	1
3.52662	0
3.52709	1
3.52709	0
3.52756	1
3.52756	0
3.52804	1
3.52804	0
3.52851	1
3.52851	0
3.52898	1
3.52898	0
3.52945	1
3.52945	0
3.52992	1
3.52992	0
3.5304	1
3.5304	0
3.53087	1
3.53087	0
3.53134	1
3.53134	0
3.53181	1
3.53181	0
3.53228	1
3.53228	0
3.53276	1
3.53276	0
3.53323	1
3.53323	0
3.5337	1
3.5337	0
3.53417	1
3.53417	0
3.53464	1
3.53464	0
3.53512	1
3.53512	0
3.53559	1
3.53559	0
3.53606	1
3.53606	0
3.53653	1
3.53653	0
3.537	1
3.537	0
3.53748	1
3.53748	0
3.53795	1
3.53795	0
3.53842	1
3.53842	0
3.60868	1
3.60868	0
3.60963	1
3.60963	0
3.61057	1
3.61057	0
3.61057	1
3.61057	0
3.61057	1
3.61057	2
3.61104	1
3.61152	2
3.61152	1
3.61152	2
3.61152	3
3.61152	4
3.61152	3
3.61199	2
3.61246	3
3.61246	2
3.61246	3
3.61246	4
3.61246	5
3.61246	4
3.61293	3
3.6134	4
3.6134	3
3.6134	4
3.6134	5
3.6134	6
3.6134	5
3.61388	4
3.61435	5
3.61435	4
3.61435	5
3.61435	6
3.61435	7
3.61435	6
3.61482	5
3.61529	6
3.61529	5
3.61529	4
3.61576	3
3.61624	4
3.61624	3
3.61624	2
3.61671	1
3.61718	2
3.61718	1
3.61718	0
3.61812	1
3.61812	0
3.61907	1
3.61907	0
3.62001	1
3.62001	0
3.62096	1
3.62096	0
3.6219	1
3.6219	0
3.62284	1
3.62284	0
3.62379	1
3.62379	0
3.62473	1
3.62473	0
3.62568	1
3.62568	0
3.62662	1
3.62662	0
3.62756	1
3.62756	0
3.62851	1
3.62851	0
3.62945	1
3.62945	0
3.6304	1
3.6304	0
3.63134	1
3.63134	0
3.63228	1
3.63228	0
3.63323	1
3.63323	0
3.63417	1
3.63417	0
3.63512	1
3.63512	0
3.63606	1
3.63606	0
3.637	1
3.637	0
3.63795	1
3.63795	0
3.63889	1
3.63889	0
3.70873	1
3.70873	0
3.70967	1
3.70967	0
3.71062	1
3.71062	0
3.71104	1
3.71104	0
3.71152	1
3.71152	0
3.71156	1
3.71156	0
3.71199	1
3.71199	0
3.71246	1
3.71246	0
3.7125	1
3.7125	0
3.71293	1
3.71293	0
3.7134	1
3.7134	0
3.71345	1
3.71345	0
3.71388	1
3.71388	0
3.71435	1
3.71435	0
3.71439	1
3.71439	0
3.71482	1
3.71482	0
3.71529	1
3.71529	0
3.71534	1
3.71534	0
3.71576	1
3.71576	0
3.71624	1
3.71624	0
3.71628	1
3.71628	0
3.71671	1
3.71671	0
3.71718	1
3.71718	0
3.71722	1
3.71722	0
3.71765	1
3.71765	0
3.71817	1
3.71817	0
3.71911	1
3.71911	0
3.72006	1
3.72006	0
3.721	1
3.721	0
3.72194	1
3.72194	0
3.72289	1
3.72289	0
3.72383	1
3.72383	0
3.72478	1
3.72478	0
3.72572	1
3.72572	0
3.72666	1
3.72666	0
3.72761	1
3.72761	0
3.72855	1
3.72855	0
3.7295	1
3.7295	0
3.73044	1
3.73044	0
3.73138	1
3.73138	0
3.73233	1
3.73233	0
3.73327	1
3.73327	0
3.73422	1
3.73422	0
3.73516	1
3.73516	0
3.7361	1
3.7361	0
3.73705	1
3.73705	0
3.73799	1
3.73799	0
3.73894	1
3.73894	0
3.80877	1
3.80877	0
3.80877	1
3.80877	2
3.80924	1
3.80972	2
3.80972	3
3.80972	4
3.80972	3
3.81019	2
3.81066	3
3.81066	4
3.81066	5
3.81066	4
3.81113	3
3.8116	4
3.8116	5
3.8116	6
3.8116	5
3.81199	6
3.81199	5
3.81208	4
3.81255	5
3.81255	6
3.81255	7
3.81255	6
3.81293	7
3.81293	6
3.81302	5
3.81349	6
3.81349	7
3.81349	8
3.81349	7
3.81388	8
3.81388	7
3.81396	6
3.81444	7
3.81444	8
3.81444	9
3.81444	8
3.81482	9
3.81482	8
3.81491	7
3.81538	8
3.81538	9
3.81538	10
3.81538	9
3.81576	10
3.81576	9
3.81585	8
3.81632	9
3.81632	10
3.81632	11
3.81632	10
3.81671	11
3.81671	10
3.8168	9
3.81727	10
3.81727	11
3.81727	12
3.81727	11
3.81765	12
3.81765	11
3.81774	10
3.81821	11
3.81821	12
3.81821	13
3.81821	12
3.81868	11
3.81916	12
3.81916	13
3.81916	14
3.81916	13
3.81963	12
3.8201	13
3.8201	14
3.8201	15
3.8201	14
3.82057	13
3.82104	14
3.82104	15
3.82104	16
3.82104	15
3.82152	14
3.82199	15
3.82199	16
3.82199	17
3.82199	16
3.82246	15
3.82293	16
3.82293	17
3.82293	18
3.82293	17
3.8234	16
3.82388	17
3.82388	18
3.82388	19
3.82388	18
3.82435	17
3.82482	18
3.82482	19
3.82482	20
3.82482	19
3.82529	18
3.82576	19
3.82576	20
3.82576	21
3.82576	20
3.82624	19
3.82671	20
3.82671	21
3.82671	22
3.82671	21
3.82718	20
3.82765	21
3.82765	22
3.82765	23
3.82765	22
3.82812	21
3.8286	22
3.8286	23
3.8286	24
3.8286	23
3.82907	22
3.82954	23
3.82954	24
3.82954	25
3.82954	24
3.83001	23
3.83048	24
3.83048	25
3.83048	26
3.83048	25
3.83096	24
3.83143	25
3.83143	26
3.83143	27
3.83143	26
3.8319	25
3.83237	26
3.83237	27
3.83237	28
3.83237	27
3.83284	26
3.83332	27
3.83332	28
3.83332	29
3.83332	28
3.83379	27
3.83426	28
3.83426	29
3.83426	30
3.83426	29
3.83473	28
3.8352	29
3.8352	30
3.8352	31
3.8352	30
3.83568	29
3.83615	30
3.83615	31
3.83615	32
3.83615	31
3.83662	30
3.83709	31
3.83709	32
3.83709	33
3.83709	32
3.83756	31
3.83804	32
3.83804	33
3.83804	34
3.83804	33
3.83851	32
3.83898	33
3.83898	34
3.83898	35
3.83898	34
3.83945	33
3.83992	32
3.8404	31
3.84087	30
3.84134	29
3.84181	28
3.84228	27
3.84276	26
3.84323	25
3.8437	24
3.84417	23
3.84464	22
3.84512	21
3.84559	20
3.84606	19
3.84653	18
3.847	17
3.84748	16
3.84795	15
3.84842	14
3.84889	13
3.84936	12
3.84984	11
3.85031	10
3.85078	9
3.85125	8
3.85172	7
3.8522	6
3.85267	5
3.85314	4
3.85361	3
3.85408	2
3.85456	1
3.85503	0
3.90924	1
3.90924	0
3.90972	1
3.90972	0
3.91019	1
3.91019	0
3.91066	1
3.91066	0
3.91113	1
3.91113	0
3.9116	1
3.9116	0
3.91203	1
3.91203	0
3.91208	1
3.91208	0
3.91255	1
3.91255	0
3.91298	1
3.91298	0
3.91302	1
3.91302	0
3.91349	1
3.91349	0
3.91392	1
3.91392	0
3.91396	1
3.91396	0
3.91444	1
3.91444	0
3.91486	1
3.91486	0
3.91491	1
3.91491	0
3.91538	1
3.91538	0
3.91581	1
3.91581	0
3.91585	1
3.91585	0
3.91632	1
3.91632	0
3.91675	1
3.91675	0
3.9168	1
3.9168	0
3.91727	1
3.91727	0
3.9177	1
3.9177	0
3.91774	1
3.91774	0
3.91821	1
3.91821	0
3.91868	1
3.91868	0
3.91916	1
3.91916	0
3.91963	1
3.91963	0
3.9201	1
3.9201	0
3.92057	1
3.92057	0
3.92104	1
3.92104	0
3.92152	1
3.92152	0
3.92199	1
3.92199	0
3.92246	1
3.92246	0
3.92293	1
3.92293	0
3.9234	1
3.9234	0
3.92388	1
3.92388	0
3.92435	1
3.92435	0
3.92482	1
3.92482	0
3.92529	1
3.92529	0
3.92576	1
3.92576	0
3.92624	1
3.92624	0
3.92671	1
3.92671	0
3.92718	1
3.92718	0
3.92765	1
3.92765	0
3.92812	1
3.92812	0
3.9286	1
3.9286	0
3.92907	1
3.92907	0
3.92954	1
3.92954	0
3.93001	1
3.93001	0
3.93048	1
3.93048	0
3.93096	1
3.93096	0
3.93143	1
3.93143	0
3.9319	1
3.9319	0
3.93237	1
3.93237	0
3.93284	1
3.93284	0
3.93332	1
3.93332	0
3.93379	1
3.93379	0
3.93426	1
3.93426	0
3.93473	1
3.93473	0
3.9352	1
3.9352	0
3.93568	1
3.93568	0
3.93615	1
3.93615	0
3.93662	1
3.93662	0
3.93709	1
3.93709	0
3.93756	1
3.93756	0
3.93804	1
3.93804	0
3.93851	1
3.93851	0
3.93898	1
3.93898	0
3.93945	1
3.93945	0
3.93992	1
3.93992	0
3.9404	1
3.9404	0
3.94087	1
3.94087	0
3.94134	1
3.94134	0
3.94181	1
3.94181	0
3.94228	1
3.94228	0
3.94276	1
3.94276	0
3.94323	1
3.94323	0
3.9437	1
3.9437	0
3.94417	1
3.94417	0
3.94464	1
3.94464	0
3.94512	1
3.94512	0
3.94559	1
3.94559	0
3.94606	1
3.94606	0
3.94653	1
3.94653	0
3.947	1
3.947	0
3.94748	1
3.94748	0
3.94795	1
3.94795	0
3.94842	1
3.94842	0
3.94889	1
3.94889	0
3.94936	1
3.94936	0
3.94984	1
3.94984	0
3.95031	1
3.95031	0
3.95078	1
3.95078	0
3.95125	1
3.95125	0
3.95172	1
3.95172	0
3.9522	1
3.9522	0
3.95267	1
3.95267	0
3.95314	1
3.95314	0
3.95361	1
3.95361	0
3.95408	1
3.95408	0
3.95456	1
3.95456	0
3.95503	1
3.95503	0
3.9555	1
3.9555	0
4.00972	1
4.00972	0
4.01066	1
4.01066	0
4.0116	1
4.0116	0
4.01208	1
4.01208	0
4.01208	1
4.01208	2
4.01255	3
4.01255	2
4.01255	1
4.01302	2
4.01302	3
4.01302	4
4.01302	3
4.01349	4
4.01349	3
4.01349	2
4.01396	3
4.01396	4
4.01396	5
4.01396	4
4.01444	5
4.01444	4
4.01444	3
4.01491	4
4.01491	5
4.01491	6
4.01491	5
4.01538	6
4.01538	5
4.01538	4
4.01585	5
4.01585	6
4.01585	7
4.01585	6
4.01632	7
4.01632	6
4.01632	5
4.0168	6
4.0168	7
4.0168	8
4.0168	7
4.01727	8
4.01727	7
4.01727	6
4.01774	7
4.01774	8
4.01774	9
4.01774	8
4.01821	9
4.01821	8
4.01821	7
4.01868	6
4.01916	7
4.01916	6
4.01916	5
4.01963	4
4.0201	5
4.0201	4
4.0201	3
4.02057	2
4.02104	3
4.02104	2
4.02104	1
4.02152	0
4.02199	1
4.02199	0
4.02293	1
4.02293	0
4.02388	1
4.02388	0
4.02482	1
4.02482	0
4.02576	1
4.02576	0
4.02671	1
4.02671	0
4.02765	1
4.02765	0
4.0286	1
4.0286	0
4.02954	1
4.02954	0
4.03048	1
4.03048	0
4.03143	1
4.03143	0
4.03237	1
4.03237	0
4.03332	1
4.03332	0
4.03426	1
4.03426	0
4.0352	1
4.0352	0
4.03615	1
4.03615	0
4.03709	1
4.03709	0
4.03804	1
4.03804	0
4.03898	1
4.03898	0
4.03992	1
4.03992	0
4.04087	1
4.04087	0
4.04181	1
4.04181	0
4.04276	1
4.04276	0
4.0437	1
4.0437	0
4.04464	1
4.04464	0
4.04559	1
4.04559	0
4.04653	1
4.04653	0
4.04748	1
4.04748	0
4.04842	1
4.04842	0
4.04936	1
4.04936	0
4.05031	1
4.05031	0
4.05125	1
4.05125	0
4.0522	1
4.0522	0
4.05314	1
4.05314	0
4.05408	1
4.05408	0
4.05503	1
4.05503	0
4.05597	1
4.05597	0
4.10976	1
4.10976	0
4.1107	1
4.1107	0
4.11165	1
4.11165	0
4.11255	1
4.11255	0
4.11259	1
4.11259	0
4.11302	1
4.11302	0
4.11349	1
4.11349	0
4.11353	1
4.11353	0
4.11396	1
4.11396	0
4.11444	1
4.11444	0
4.11448	1
4.11448	0
4.11491	1
4.11491	0
4.11538	1
4.11538	0
4.11542	1
4.11542	0
4.11585	1
4.11585	0
4.11632	1
4.11632	0
4.11637	1
4.11637	0
4.1168	1
4.1168	0
4.11727	1
4.11727	0
4.11731	1
4.11731	0
4.11774	1
4.11774	0
4.11821	1
4.11821	0
4.11825	1
4.11825	0
4.11868	1
4.11868	0
4.11916	1
4.11916	0
4.1192	1
4.1192	0
4.11963	1
4.11963	0
4.1201	1
4.1201	0
4.12014	1
4.12014	0
4.12057	1
4.12057	0
4.12104	1
4.12104	0
4.12109	1
4.12109	0
4.12152	1
4.12152	0
4.12199	1
4.12199	0
4.12203	1
4.12203	0
4.12297	1
4.12297	0
4.12392	1
4.12392	0
4.12486	1
4.12486	0
4.12581	1
4.12581	0
4.12675	1
4.12675	0
4.12769	1
4.12769	0
4.12864	1
4.12864	0
4.12958	1
4.12958	0
4.13053	1
4.13053	0
4.13147	1
4.13147	0
4.13241	1
4.13241	0
4.13336	1
4.13336	0
4.1343	1
4.1343	0
4.13525	1
4.13525	0
4.13619	1
4.13619	0
4.13713	1
4.13713	0
4.13808	1
4.13808	0
4.13902	1
4.13902	0
4.13997	1
4.13997	0
4.14091	1
4.14091	0
4.14185	1
4.14185	0
4.1428	1
4.1428	0
4.14374	1
4.14374	0
4.14469	1
4.14469	0
4.14563	1
4.14563	0
4.14657	1
4.14657	0
4.14752	1
4.14752	0
4.14846	1
4.14846	0
4.14941	1
4.14941	0
4.15035	1
4.15035	0
4.15129	1
4.15129	0
4.15224	1
4.15224	0
4.15318	1
4.15318	0
4.15413	1
4.15413	0
4.15507	1
4.15507	0
4.15601	1
4.15601	0
4.2098	1
4.2098	0
4.2098	1
4.2098	2
4.21027	1
4.21075	2
4.21075	3
4.21075	4
4.21075	3
4.21122	2
4.21169	3
4.21169	4
4.21169	5
4.21169	4
4.21216	3
4.21263	4
4.21263	5
4.21263	6
4.21263	5
4.21311	4
4.21349	5
4.21349	4
4.21358	5
4.21358	6
4.21358	7
4.21358	6
4.21405	5
4.21444	6
4.21444	5
4.21452	6
4.21452	7
4.21452	8
4.21452	7
4.21499	6
4.21538	7
4.21538	6
4.21547	7
4.21547	8
4.21547	9
4.21547	8
4.21594	7
4.21632	8
4.21632	7
4.21641	8
4.21641	9
4.21641	10
4.21641	9
4.21688	8
4.21727	9
4.21727	8
4.21735	9
4.21735	10
4.21735	11
4.21735	10
4.21783	9
4.21821	10
4.21821	9
4.2183	10
4.2183	11
4.2183	12
4.2183	11
4.21877	10
4.21916	11
4.21916	10
4.21924	11
4.21924	12
4.21924	13
4.21924	12
4.21971	11
4.2201	12
4.2201	11
4.22019	12
4.22019	13
4.22019	14
4.22019	13
4.22066	12
4.22104	13
4.22104	12
4.22113	13
4.22113	14
4.22113	15
4.22113	14
4.2216	13
4.22199	14
4.22199	13
4.22207	14
4.22207	15
4.22207	16
4.22207	15
4.22255	14
4.22302	15
4.22302	16
4.22302	17
4.22302	16
4.22349	15
4.22396	16
4.22396	17
4.22396	18
4.22396	17
4.22443	16
4.22491	17
4.22491	18
4.22491	19
4.22491	18
4.22538	17
4.22585	18
4.22585	19
4.22585	20
4.22585	19
4.22632	18
4.22679	19
4.22679	20
4.22679	21
4.22679	20
4.22727	19
4.22774	20
4.22774	21
4.22774	22
4.22774	21
4.22821	20
4.22868	21
4.22868	22
4.22868	23
4.22868	22
4.22915	21
4.22963	22
4.22963	23
4.22963	24
4.22963	23
4.2301	22
4.23057	23
4.23057	24
4.23057	25
4.23057	24
4.23104	23
4.23151	24
4.23151	25
4.23151	26
4.23151	25
4.23199	24
4.23246	25
4.23246	26
4.23246	27
4.23246	26
4.23293	25
4.2334	26
4.2334	27
4.2334	28
4.2334	27
4.23387	26
4.23435	27
4.23435	28
4.23435	29
4.23435	28
4.23482	27
4.23529	28
4.23529	29
4.23529	30
4.23529	29
4.23576	28
4.23623	29
4.23623	30
4.23623	31
4.23623	30
4.23671	29
4.23718	30
4.23718	31
4.23718	32
4.23718	31
4.23765	30
4.23812	31
4.23812	32
4.23812	33
4.23812	32
4.23859	31
4.23907	32
4.23907	33
4.23907	34
4.23907	33
4.23954	32
4.24001	33
4.24001	34
4.24001	35
4.24001	34
4.24048	33
4.24095	34
4.24095	35
4.24095	36
4.24095	35
4.24143	34
4.2419	35
4.2419	36
4.2419	37
4.2419	36
4.24237	35
4.24284	36
4.24284	37
4.24284	38
4.24284	37
4.24331	36
4.24379	37
4.24379	38
4.24379	39
4.24379	38
4.24426	37
4.24473	38
4.24473	39
4.24473	40
4.24473	39
4.2452	38
4.24567	39
4.24567	40
4.24567	41
4.24567	40
4.24615	39
4.24662	40
4.24662	41
4.24662	42
4.24662	41
4.24709	40
4.24756	41
4.24756	42
4.24756	43
4.24756	42
4.24803	41
4.24851	42
4.24851	43
4.24851	44
4.24851	43
4.24898	42
4.24945	43
4.24945	44
4.24945	45
4.24945	44
4.24992	43
4.25039	44
4.25039	45
4.25039	46
4.25039	45
4.25087	44
4.25134	45
4.25134	46
4.25134	47
4.25134	46
4.25181	45
4.25228	46
4.25228	47
4.25228	48
4.25228	47
4.25275	46
4.25323	47
4.25323	48
4.25323	49
4.25323	48
4.2537	47
4.25417	48
4.25417	49
4.25417	50
4.25417	49
4.25464	48
4.25511	49
4.25511	50
4.25511	49
4.25511	50
4.25559	49
4.25606	50
4.25606	49
4.25606	50
4.25653	49
4.25653	50
4.257	49
4.25747	48
4.25795	47
4.25842	46
4.25889	45
4.25936	44
4.25983	43
4.26031	42
4.26078	41
4.26125	40
4.26172	39
4.26219	38
4.26267	37
4.26314	36
4.26361	35
4.26408	34
4.26455	33
4.26503	32
4.2655	31
4.26597	30
4.26644	29
4.26691	28
4.26739	27
4.26786	26
4.26833	25
4.2688	24
4.26927	23
4.26975	22
4.27022	21
4.27069	20
4.27116	19
4.27163	18
4.27211	17
4.27258	16
4.27305	15
4.27352	14
4.27399	13
4.27447	12
4.27494	11
4.27541	10
4.27588	9
4.27635	8
4.27683	7
4.2773	6
4.27777	5
4.27824	4
4.27871	3
4.27919	2
4.27966	1
4.28013	0
4.31027	1
4.31027	0
4.31075	1
4.31075	0
4.31122	1
4.31122	0
4.31169	1
4.31169	0
4.31216	1
4.31216	0
4.31263	1
4.31263	0
4.31311	1
4.31311	0
4.31353	1
4.31353	0
4.31358	1
4.31358	0
4.31405	1
4.31405	0
4.31448	1
4.31448	0
4.31452	1
4.31452	0
4.31499	1
4.31499	0
4.31542	1
4.31542	0
4.31547	1
4.31547	0
4.31594	1
4.31594	0
4.31637	1
4.31637	0
4.31641	1
4.31641	0
4.31688	1
4.31688	0
4.31731	1
4.31731	0
4.31735	1
4.31735	0
4.31783	1
4.31783	0
4.31825	1
4.31825	0
4.3183	1
4.3183	0
4.31877	1
4.31877	0
4.3192	1
4.3192	0
4.31924	1
4.31924	0
4.31971	1
4.31971	0
4.32014	1
4.32014	0
4.32019	1
4.32019	0
4.32066	1
4.32066	0
4.32109	1
4.32109	0
4.32113	1
4.32113	0
4.3216	1
4.3216	0
4.32203	1
4.32203	0
4.32207	1
4.32207	0
4.32255	1
4.32255	0
4.32302	1
4.32302	0
4.32349	1
4.32349	0
4.32396	1
4.32396	0
4.32443	1
4.32443	0
4.32491	1
4.32491	0
4.32538	1
4.32538	0
4.32585	1
4.32585	0
4.32632	1
4.32632	0
4.32679	1
4.32679	0
4.32727	1
4.32727	0
4.32774	1
4.32774	0
4.32821	1
4.32821	0
4.32868	1
4.32868	0
4.32915	1
4.32915	0
4.32963	1
4.32963	0
4.3301	1
4.3301	0
4.33057	1
4.33057	0
4.33104	1
4.33104	0
4.33151	1
4.33151	0
4.33199	1
4.33199	0
4.33246	1
4.33246	0
4.33293	1
4.33293	0
4.3334	1
4.3334	0
4.33387	1
4.33387	0
4.33435	1
4.33435	0
4.33482	1
4.33482	0
4.33529	1
4.33529	0
4.33576	1
4.33576	0
4.33623	1
4.33623	0
4.33671	1
4.33671	0
4.33718	1
4.33718	0
4.33765	1
4.33765	0
4.33812	1
4.33812	0
4.33859	1
4.33859	0
4.33907	1
4.33907	0
4.33954	1
4.33954	0
4.34001	1
4.34001	0
4.34048	1
4.34048	0
4.34095	1
4.34095	0
4.34143	1
4.34143	0
4.3419	1
4.3419	0
4.34237	1
4.34237	0
4.34284	1
4.34284	0
4.34331	1
4.34331	0
4.34379	1
4.34379	0
4.34426	1
4.34426	0
4.34473	1
4.34473	0
4.3452	1
4.3452	0
4.34567	1
4.34567	0
4.34615	1
4.34615	0
4.34662	1
4.34662	0
4.34709	1
4.34709	0
4.34756	1
4.34756	0
4.34803	1
4.34803	0
4.34851	1
4.34851	0
4.34898	1
4.34898	0
4.34945	1
4.34945	0
4.34992	1
4.34992	0
4.35039	1
4.35039	0
4.35087	1
4.35087	0
4.35134	1
4.35134	0
4.35181	1
4.35181	0
4.35228	1
4.35228	0
4.35275	1
4.35275	0
4.35323	1
4.35323	0
4.3537	1
4.3537	0
4.35417	1
4.35417	0
4.35464	1
4.35464	0
4.35511	1
4.35511	0
4.35559	1
4.35559	0
4.35606	1
4.35606	0
4.35653	1
4.35653	0
4.357	1
4.357	0
4.35747	1
4.35747	0
4.35795	1
4.35795	0
4.35842	1
4.35842	0
4.35889	1
4.35889	0
4.35936	1
4.35936	0
4.35983	1
4.35983	0
4.36031	1
4.36031	0
4.36078	1
4.36078	0
4.36125	1
4.36125	0
4.36172	1
4.36172	0
4.36219	1
4.36219	0
4.36267	1
4.36267	0
4.36314	1
4.36314	0
4.36361	1
4.36361	0
4.36408	1
4.36408	0
4.36455	1
4.36455	0
4.36503	1
4.36503	0
4.3655	1
4.3655	0
4.36597	1
4.36597	0
4.36644	1
4.36644	0
4.36691	1
4.36691	0
4.36739	1
4.36739	0
4.36786	1
4.36786	0
4.36833	1
4.36833	0
4.3688	1
4.3688	0
4.36927	1
4.36927	0
4.36975	1
4.36975	0
4.37022	1
4.37022	0
4.37069	1
4.37069	0
4.37116	1
4.37116	0
4.37163	1
4.37163	0
4.37211	1
4.37211	0
4.37258	1
4.37258	0
4.37305	1
4.37305	0
4.37352	1
4.37352	0
4.37399	1
4.37399	0
4.37447	1
4.37447	0
4.37494	1
4.37494	0
4.37541	1
4.37541	0
4.37588	1
4.37588	0
4.37635	1
4.37635	0
4.37683	1
4.37683	0
4.3773	1
4.3773	0
4.37777	1
4.37777	0
4.37824	1
4.37824	0
4.37871	1
4.37871	0
4.37919	1
4.37919	0
4.37966	1
4.37966	0
4.38013	1
4.38013	0
4.3806	1
4.3806	0
4.41075	1
4.41075	0
4.41169	1
4.41169	0
4.41263	1
4.41263	0
4.41358	1
4.41358	0
4.41358	1
4.41358	0
4.41358	1
4.41358	2
4.41405	1
4.41452	2
4.41452	1
4.41452	2
4.41452	3
4.41452	4
4.41452	3
4.41499	2
4.41547	3
4.41547	2
4.41547	3
4.41547	4
4.41547	5
4.41547	4
4.41594	3
4.41641	4
4.41641	3
4.41641	4
4.41641	5
4.41641	6
4.41641	5
4.41688	4
4.41735	5
4.41735	4
4.41735	5
4.41735	6
4.41735	7
4.41735	6
4.41783	5
4.4183	6
4.4183	5
4.4183	6
4.4183	7
4.4183	8
4.4183	7
4.41877	6
4.41924	7
4.41924	6
4.41924	7
4.41924	8
4.41924	9
4.41924	8
4.41971	7
4.42019	8
4.42019	7
4.42019	8
4.42019	9
4.42019	10
4.42019	9
4.42066	8
4.42113	9
4.42113	8
4.42113	9
4.42113	10
4.42113	11
4.42113	10
4.4216	9
4.42207	10
4.42207	9
4.42207	10
4.42207	11
4.42207	12
4.42207	11
4.42255	10
4.42302	11
4.42302	10
4.42302	9
4.42349	8
4.42396	9
4.42396	8
4.42396	7
4.42443	6
4.42491	7
4.42491	6
4.42491	5
4.42538	4
4.42585	5
4.42585	4
4.42585	3
4.42632	2
4.42679	3
4.42679	2
4.42679	1
4.42727	0
4.42774	1
4.42774	0
4.42868	1
4.42868	0
4.42963	1
4.42963	0
4.43057	1
4.43057	0
4.43151	1
4.43151	0
4.43246	1
4.43246	0
4.4334	1
4.4334	0
4.43435	1
4.43435	0
4.43529	1
4.43529	0
4.43623	1
4.43623	0
4.43718	1
4.43718	0
4.43812	1
4.43812	0
4.43907	1
4.43907	0
4.44001	1
4.44001	0
4.44095	1
4.44095	0
4.4419	1
4.4419	0
4.44284	1
4.44284	0
4.44379	1
4.44379	0
4.44473	1
4.44473	0
4.44567	1
4.44567	0
4.44662	1
4.44662	0
4.44756	1
4.44756	0
4.44851	1
4.44851	0
4.44945	1
4.44945	0
4.45039	1
4.45039	0
4.45134	1
4.45134	0
4.45228	1
4.45228	0
4.45323	1
4.45323	0
4.45417	1
4.45417	0
4.45511	1
4.45511	0
4.45606	1
4.45606	0
4.457	1
4.457	0
4.45795	1
4.45795	0
4.45889	1
4.45889	0
4.45983	1
4.45983	0
4.46078	1
4.46078	0
4.46172	1
4.46172	0
4.46267	1
4.46267	0
4.46361	1
4.46361	0
4.46455	1
4.46455	0
4.4655	1
4.4655	0
4.46644	1
4.46644	0
4.46739	1
4.46739	0
4.46833	1
4.46833	0
4.46927	1
4.46927	0
4.47022	1
4.47022	0
4.47116	1
4.47116	0
4.47211	1
4.47211	0
4.47305	1
4.47305	0
4.47399	1
4.47399	0
4.47494	1
4.47494	0
4.47588	1
4.47588	0
4.47683	1
4.47683	0
4.47777	1
4.47777	0
4.47871	1
4.47871	0
4.47966	1
4.47966	0
4.4806	1
4.4806	0
4.51079	1
4.51079	0
4.51173	1
4.51173	0
4.51268	1
4.51268	0
4.51362	1
4.51362	0
4.51405	1
4.51405	0
4.51452	1
4.51452	0
4.51456	1
4.51456	0
4.51499	1
4.51499	0
4.51547	1
4.51547	0
4.51551	1
4.51551	0
4.51594	1
4.51594	0
4.51641	1
4.51641	0
4.51645	1
4.51645	0
4.51688	1
4.51688	0
4.51735	1
4.51735	0
4.5174	1
4.5174	0
4.51783	1
4.51783	0
4.5183	1
4.5183	0
4.51834	1
4.51834	0
4.51877	1
4.51877	0
4.51924	1
4.51924	0
4.51928	1
4.51928	0
4.51971	1
4.51971	0
4.52019	1
4.52019	0
4.52023	1
4.52023	0
4.52066	1
4.52066	0
4.52113	1
4.52113	0
4.52117	1
4.52117	0
4.5216	1
4.5216	0
4.52207	1
4.52207	0
4.52212	1
4.52212	0
4.52255	1
4.52255	0
4.52302	1
4.52302	0
4.52306	1
4.52306	0
4.52349	1
4.52349	0
4.52396	1
4.52396	0
4.524	1
4.524	0
4.52443	1
4.52443	0
4.52491	1
4.52491	0
4.52495	1
4.52495	0
4.52538	1
4.52538	0
4.52585	1
4.52585	0
4.52589	1
4.52589	0
4.52632	1
4.52632	0
4.52679	1
4.52679	0
4.52684	1
4.52684	0
4.52727	1
4.52727	0
4.52774	1
4.52774	0
4.52778	1
4.52778	0
4.52872	1
4.52872	0
4.52967	1
4.52967	0
4.53061	1
4.53061	0
4.53156	1
4.53156	0
4.5325	1
4.5325	0
4.53344	1
4.53344	0
4.53439	1
4.53439	0
4.53533	1
4.53533	0
4.53628	1
4.53628	0
4.53722	1
4.53722	0
4.53816	1
4.53816	0
4.53911	1
4.53911	0
4.54005	1
4.54005	0
4.541	1
4.541	0
4.54194	1
4.54194	0
4.54288	1
4.54288	0
4.54383	1
4.54383	0
4.54477	1
4.54477	0
4.54572	1
4.54572	0
4.54666	1
4.54666	0
4.5476	1
4.5476	0
4.54855	1
4.54855	0
4.54949	1
4.54949	0
4.55044	1
4.55044	0
4.55138	1
4.55138	0
4.55232	1
4.55232	0
4.55327	1
4.55327	0
4.55421	1
4.55421	0
4.55516	1
4.55516	0
4.5561	1
4.5561	0
4.55704	1
4.55704	0
4.55799	1
4.55799	0
4.55893	1
4.55893	0
4.55988	1
4.55988	0
4.56082	1
4.56082	0
4.56176	1
4.56176	0
4.56271	1
4.56271	0
4.56365	1
4.56365	0
4.5646	1
4.5646	0
4.56554	1
4.56554	0
4.56648	1
4.56648	0
4.56743	1
4.56743	0
4.56837	1
4.56837	0
4.56932	1
4.56932	0
4.57026	1
4.57026	0
4.5712	1
4.5712	0
4.57215	1
4.57215	0
4.57309	1
4.57309	0
4.57404	1
4.57404	0
4.57498	1
4.57498	0
4.57592	1
4.57592	0
4.57687	1
4.57687	0
4.57781	1
4.57781	0
4.57876	1
4.57876	0
4.5797	1
4.5797	0
4.58064	1
4.58064	0
4.61083	1
4.61083	0
4.61083	1
4.61083	2
4.6113	1
4.61178	2
4.61178	3
4.61178	4
4.61178	3
4.61225	2
4.61272	3
4.61272	4
4.61272	5
4.61272	4
4.61319	3
4.61366	4
4.61366	5
4.61366	6
4.61366	5
4.61414	4
4.61452	5
4.61452	4
4.61461	5
4.61461	6
4.61461	7
4.61461	6
4.61508	5
4.61547	6
4.61547	5
4.61555	6
4.61555	7
4.61555	8
4.61555	7
4.61602	6
4.61641	7
4.61641	6
4.6165	7
4.6165	8
4.6165	9
4.6165	8
4.61697	7
4.61735	8
4.61735	7
4.61744	8
4.61744	9
4.61744	10
4.61744	9
4.61791	8
4.6183	9
4.6183	8
4.61838	9
4.61838	10
4.61838	11
4.61838	10
4.61886	9
4.61924	10
4.61924	9
4.61933	10
4.61933	11
4.61933	12
4.61933	11
4.6198	10
4.62019	11
4.62019	10
4.62027	11
4.62027	12
4.62027	13
4.62027	12
4.62074	11
4.62113	12
4.62113	11
4.62122	12
4.62122	13
4.62122	14
4.62122	13
4.62169	12
4.62207	13
4.62207	12
4.62216	13
4.62216	14
4.62216	15
4.62216	14
4.62263	13
4.62302	14
4.62302	13
4.6231	14
4.6231	15
4.6231	16
4.6231	15
4.62358	14
4.62396	15
4.62396	14
4.62405	15
4.62405	16
4.62405	17
4.62405	16
4.62452	15
4.62491	16
4.62491	15
4.62499	16
4.62499	17
4.62499	18
4.62499	17
4.62546	16
4.62585	17
4.62585	16
4.62594	17
4.62594	18
4.62594	19
4.62594	18
4.62641	17
4.62679	18
4.62679	17
4.62688	18
4.62688	19
4.62688	20
4.62688	19
4.62735	18
4.62774	19
4.62774	18
4.62782	19
4.62782	20
4.62782	21
4.62782	20
4.6283	19
4.62877	20
4.62877	21
4.62877	22
4.62877	21
4.62924	20
4.62971	21
4.62971	22
4.62971	23
4.62971	22
4.63018	21
4.63066	22
4.63066	23
4.63066	24
4.63066	23
4.63113	22
4.6316	23
4.6316	24
4.6316	25
4.6316	24
4.63207	23
4.63254	24
4.63254	25
4.63254	26
4.63254	25
4.63302	24
4.63349	25
4.63349	26
4.63349	27
4.63349	26
4.63396	25
4.63443	26
4.63443	27
4.63443	28
4.63443	27
4.6349	26
4.63538	27
4.63538	28
4.63538	29
4.63538	28
4.63585	27
4.63632	28
4.63632	29
4.63632	30
4.63632	29
4.63679	28
4.63726	29
4.63726	30
4.63726	31
4.63726	30
4.63774	29
4.63821	30
4.63821	31
4.63821	32
4.63821	31
4.63868	30
4.63915	31
4.63915	32
4.63915	33
4.63915	32
4.63962	31
4.6401	32
4.6401	33
4.6401	34
4.6401	33
4.64057	32
4.64104	33
4.64104	34
4.64104	35
4.64104	34
4.64151	33
4.64198	34
4.64198	35
4.64198	36
4.64198	35
4.64246	34
4.64293	35
4.64293	36
4.64293	37
4.64293	36
4.6434	35
4.64387	36
4.64387	37
4.64387	38
4.64387	37
4.64434	36
4.64482	37
4.64482	38
4.64482	39
4.64482	38
4.64529	37
4.64576	38
4.64576	39
4.64576	40
4.64576	39
4.64623	38
4.6467	39
4.6467	40
4.6467	41
4.6467	40
4.64718	39
4.64765	40
4.64765	41
4.64765	42
4.64765	41
4.64812	40
4.64859	41
4.64859	42
4.64859	43
4.64859	42
4.64906	41
4.64954	42
4.64954	43
4.64954	44
4.64954	43
4.65001	42
4.65048	43
4.65048	44
4.65048	45
4.65048	44
4.65095	43
4.65142	44
4.65142	45
4.65142	46
4.65142	45
4.6519	44
4.65237	45
4.65237	46
4.65237	47
4.65237	46
4.65284	45
4.65331	46
4.65331	47
4.65331	48
4.65331	47
4.65378	46
4.65426	47
4.65426	48
4.65426	49
4.65426	48
4.65473	47
4.6552	48
4.6552	49
4.6552	50
4.6552	49
4.65567	48
4.65614	49
4.65614	50
4.65614	49
4.65614	50
4.65662	49
4.65709	50
4.65709	49
4.65709	50
4.65756	49
4.65756	50
4.65803	49
4.65803	50
4.6585	49
4.6585	50
4.65898	49
4.65898	50
4.65945	49
4.65945	50
4.65992	49
4.65992	50
4.66039	49
4.66039	50
4.66086	49
4.66086	50
4.66134	49
4.66134	50
4.66181	49
4.66181	50
4.66228	49
4.66228	50
4.66275	49
4.66275	50
4.66322	49
4.66322	50
4.6637	49
4.6637	50
4.66417	49
4.66417	50
4.66464	49
4.66464	50
4.66511	49
4.66511	50
4.66558	49
4.66558	50
4.66606	49
4.66606	50
4.66653	49
4.66653	50
4.667	49
4.667	50
4.66747	49
4.66747	50
4.66794	49
4.66794	50
4.66842	49
4.66842	50
4.66889	49
4.66889	50
4.66936	49
4.66936	50
4.66983	49
4.66983	50
4.6703	49
4.6703	50
4.67078	49
4.67078	50
4.67125	49
4.67125	50
4.67172	49
4.67172	50
4.67219	49
4.67219	50
4.67266	49
4.67266	50
4.67314	49
4.67314	50
4.67361	49
4.67361	50
4.67408	49
4.67408	50
4.67455	49
4.67455	50
4.67502	49
4.67502	50
4.6755	49
4.6755	50
4.67597	49
4.67597	50
4.67644	49
4.67644	50
4.67691	49
4.67691	50
4.67738	49
4.67738	50
4.67786	49
4.67786	50
4.67833	49
4.67833	50
4.6788	49
4.6788	50
4.67927	49
4.67927	50
4.67974	49
4.67974	50
4.68022	49
4.68022	50
4.68069	49
4.68069	50
4.68116	49
4.68116	50
4.68163	49
4.68163	50
4.6821	49
4.6821	50
4.68258	49
4.68258	50
4.68305	49
4.68305	50
4.68352	49
4.68352	50
4.68399	49
4.68399	50
4.68446	49
4.68446	50
4.68494	49
4.68494	50
4.68541	49
4.68541	50
4.68588	49
4.68588	50
4.68635	49
4.68635	50
4.68682	49
4.68682	50
4.6873	49
4.6873	50
4.68777	49
4.68777	50
4.68824	49
4.68824	50
4.68871	49
4.68871	50
4.68918	49
4.68966	48
4.69013	47
4.6906	46
4.69107	45
4.69154	44
4.69202	43
4.69249	42
4.69296	41
4.69343	40
4.6939	39
4.69438	38
4.69485	37
4.69532	36
4.69538	35
4.69585	34
4.69632	33
4.69668	32
4.69715	31
4.69762	30
4.69797	29
4.69845	28
4.69892	27
4.69927	26
4.69974	25
4.70022	24
4.70057	23
4.70104	22
4.70151	21
4.70187	20
4.70234	19
4.70281	18
4.70316	17
4.70364	16
4.70411	15
4.70446	14
4.70493	13
4.70541	12
4.70576	11
4.70623	10
4.7067	9
4.70706	8
4.70753	7
4.708	6
4.70836	5
4.70883	4
4.7093	3
4.70965	2
4.71012	1
4.7106	0
4.7113	1
4.7113	0
4.71178	1
4.71178	0
4.71225	1
4.71225	0
4.71272	1
4.71272	0
4.71319	1
4.71319	0
4.71366	1
4.71366	0
4.71414	1
4.71414	0
4.71456	1
4.71456	0
4.71461	1
4.71461	0
4.71508	1
4.71508	0
4.71551	1
4.71551	0
4.71555	1
4.71555	0
4.71602	1
4.71602	0
4.71645	1
4.71645	0
4.7165	1
4.7165	0
4.71697	1
4.71697	0
4.7174	1
4.7174	0
4.71744	1
4.71744	0
4.71791	1
4.71791	0
4.71834	1
4.71834	0
4.71838	1
4.71838	0
4.71886	1
4.71886	0
4.71928	1
4.71928	0
4.71933	1
4.71933	0
4.7198	1
4.7198	0
4.72023	1
4.72023	0
4.72027	1
4.72027	0
4.72074	1
4.72074	0
4.72117	1
4.72117	0
4.72122	1
4.72122	0
4.72169	1
4.72169	0
4.72212	1
4.72212	0
4.72216	1
4.72216	0
4.72263	1
4.72263	0
4.72306	1
4.72306	0
4.7231	1
4.7231	0
4.72358	1
4.72358	0
4.724	1
4.724	0
4.72405	1
4.72405	0
4.72452	1
4.72452	0
4.72495	1
4.72495	0
4.72499	1
4.72499	0
4.72546	1
4.72546	0
4.72589	1
4.72589	0
4.72594	1
4.72594	0
4.72641	1
4.72641	0
4.72684	1
4.72684	0
4.72688	1
4.72688	0
4.72735	1
4.72735	0
4.72778	1
4.72778	0
4.72782	1
4.72782	0
4.7283	1
4.7283	0
4.72877	1
4.72877	0
4.72924	1
4.72924	0
4.72971	1
4.72971	0
4.73018	1
4.73018	0
4.73066	1
4.73066	0
4.73113	1
4.73113	0
4.7316	1
4.7316	0
4.73207	1
4.73207	0
4.73254	1
4.73254	0
4.73302	1
4.73302	0
4.73349	1
4.73349	0
4.73396	1
4.73396	0
4.73443	1
4.73443	0
4.7349	1
4.7349	0
4.73538	1
4.73538	0
4.73585	1
4.73585	0
4.73632	1
4.73632	0
4.73679	1
4.73679	0
4.73726	1
4.73726	0
4.73774	1
4.73774	0
4.73821	1
4.73821	0
4.73868	1
4.73868	0
4.73915	1
4.73915	0
4.73962	1
4.73962	0
4.7401	1
4.7401	0
4.74057	1
4.74057	0
4.74104	1
4.74104	0
4.74151	1
4.74151	0
4.74198	1
4.74198	0
4.74246	1
4.74246	0
4.74293	1
4.74293	0
4.7434	1
4.7434	0
4.74387	1
4.74387	0
4.74434	1
4.74434	0
4.74482	1
4.74482	0
4.74529	1
4.74529	0
4.74576	1
4.74576	0
4.74623	1
4.74623	0
4.7467	1
4.7467	0
4.74718	1
4.74718	0
4.74765	1
4.74765	0
4.74812	1
4.74812	0
4.74859	1
4.74859	0
4.74906	1
4.74906	0
4.74954	1
4.74954	0
4.75001	1
4.75001	0
4.75048	1
4.75048	0
4.75095	1
4.75095	0
4.75142	1
4.75142	0
4.7519	1
4.7519	0
4.75237	1
4.75237	0
4.75284	1
4.75284	0
4.75331	1
4.75331	0
4.75378	1
4.75378	0
4.75426	1
4.75426	0
4.75473	1
4.75473	0
4.7552	1
4.7552	0
4.75567	1
4.75567	0
4.75614	1
4.75614	0
4.75662	1
4.75662	0
4.75709	1
4.75709	0
4.75756	1
4.75756	0
4.75803	1
4.75803	0
4.7585	1
4.7585	0
4.75898	1
4.75898	0
4.75945	1
4.75945	0
4.75992	1
4.75992	0
4.76039	1
4.76039	0
4.76086	1
4.76086	0
4.76134	1
4.76134	0
4.76181	1
4.76181	0
4.76228	1
4.76228	0
4.76275	1
4.76275	0
4.76322	1
4.76322	0
4.7637	1
4.7637	0
4.76417	1
4.76417	0
4.76464	1
4.76464	0
4.76511	1
4.76511	0
4.76558	1
4.76558	0
4.76606	1
4.76606	0
4.76653	1
4.76653	0
4.767	1
4.767	0
4.76747	1
4.76747	0
4.76794	1
4.76794	0
4.76842	1
4.76842	0
4.76889	1
4.76889	0
4.76936	1
4.76936	0
4.76983	1
4.76983	0
4.7703	1
4.7703	0
4.77078	1
4.77078	0
4.77125	1
4.77125	0
4.77172	1
4.77172	0
4.77219	1
4.77219	0
4.77266	1
4.77266	0
4.77314	1
4.77314	0
4.77361	1
4.77361	0
4.77408	1
4.77408	0
4.77455	1
4.77455	0
4.77502	1
4.77502	0
4.7755	1
4.7755	0
4.77597	1
4.77597	0
4.77644	1
4.77644	0
4.77691	1
4.77691	0
4.77738	1
4.77738	0
4.77786	1
4.77786	0
4.77833	1
4.77833	0
4.7788	1
4.7788	0
4.77927	1
4.77927	0
4.77974	1
4.77974	0
4.78022	1
4.78022	0
4.78069	1
4.78069	0
4.78116	1
4.78116	0
4.78163	1
4.78163	0
4.7821	1
4.7821	0
4.78258	1
4.78258	0
4.78305	1
4.78305	0
4.78352	1
4.78352	0
4.78399	1
4.78399	0
4.78446	1
4.78446	0
4.78494	1
4.78494	0
4.78541	1
4.78541	0
4.78588	1
4.78588	0
4.78635	1
4.78635	0
4.78682	1
4.78682	0
4.7873	1
4.7873	0
4.78777	1
4.78777	0
4.78824	1
4.78824	0
4.78871	1
4.78871	0
4.78918	1
4.78918	0
4.78966	1
4.78966	0
4.79013	1
4.79013	0
4.7906	1
4.7906	0
4.79107	1
4.79107	0
4.79154	1
4.79154	0
4.79202	1
4.79202	0
4.79249	1
4.79249	0
4.79296	1
4.79296	0
4.79343	1
4.79343	0
4.7939	1
4.7939	0
4.79438	1
4.79438	0
4.79485	1
4.79485	0
4.79532	1
4.79532	0
4.79538	1
4.79579	0
4.79585	1
4.79585	0
4.79632	1
4.79632	0
4.79668	1
4.7968	0
4.79715	1
4.79715	0
4.79762	1
4.79762	0
4.79797	1
4.79809	0
4.79845	1
4.79845	0
4.79892	1
4.79892	0
4.79927	1
4.79939	0
4.79974	1
4.79974	0
4.80022	1
4.80022	0
4.80057	1
4.80069	0
4.80104	1
4.80104	0
4.80151	1
4.80151	0
4.80187	1
4.80199	0
4.80234	1
4.80234	0
4.80281	1
4.80281	0
4.80316	1
4.80328	0
4.80364	1
4.80364	0
4.80411	1
4.80411	0
4.80446	1
4.80458	0
4.80493	1
4.80493	0
4.80541	1
4.80541	0
4.80576	1
4.80588	0
4.80623	1
4.80623	0
4.8067	1
4.8067	0
4.80706	1
4.80718	0
4.80753	1
4.80753	0
4.808	1
4.808	0
4.80836	1
4.80847	0
4.80883	1
4.80883	0
4.8093	1
4.8093	0
4.80965	1
4.80977	0
4.81012	1
4.81012	0
4.8106	1
4.8106	0
4.81095	1
4.81107	0
4.81178	1
4.81178	0
4.81272	1
4.81272	0
4.81366	1
4.81366	0
4.81461	1
4.81461	0
4.81469	1
4.81469	0
4.81469	1
4.81469	2
4.81516	1
4.81555	2
4.81555	1
4.81563	0
4.81586	1
4.81586	2
4.81586	3
4.81599	2
4.81646	1
4.8165	2
4.8165	1
4.81693	0
4.81744	1
4.81744	0
4.81819	1
4.81819	0
4.81819	1
4.81819	2
4.81838	3
4.81838	2
4.81866	1
4.81914	0
4.81933	1
4.81933	0
4.81936	1
4.81936	2
4.81936	3
4.81949	2
4.81996	1
4.82027	2
4.82027	1
4.82043	0
4.82053	1
4.82053	2
4.82053	3
4.82079	2
4.82122	3
4.82122	2
4.82126	1
4.8217	2
4.8217	3
4.8217	4
4.82173	3
4.82208	2
4.82216	3
4.82216	2
4.82256	1
4.82286	2
4.82286	3
4.82286	4
4.82303	3
4.8231	4
4.8231	3
4.82338	2
4.82385	1
4.82403	2
4.82403	3
4.82403	4
4.82405	5
4.82405	4
4.82433	3
4.82468	2
4.82499	3
4.82499	2
4.82515	1
4.8252	2
4.8252	3
4.8252	4
4.82562	3
4.82594	4
4.82594	3
4.82598	2
4.82637	3
4.82637	4
4.82637	5
4.82645	4
4.82688	5
4.82688	4
4.82692	3
4.82728	2
4.82775	1
4.82782	2
4.82782	1
4.82822	0
4.8287	1
4.8287	0
4.8287	1
4.8287	2
4.82877	3
4.82877	2
4.82918	1
4.82965	0
4.82971	1
4.82971	0
4.83066	1
4.83066	0
4.8316	1
4.8316	0
4.83254	1
4.83254	0
4.83349	1
4.83349	0
4.83443	1
4.83443	0
4.83538	1
4.83538	0
4.83632	1
4.83632	0
4.83726	1
4.83726	0
4.83821	1
4.83821	0
4.83915	1
4.83915	0
4.8401	1
4.8401	0
4.84104	1
4.84104	0
4.84198	1
4.84198	0
4.84293	1
4.84293	0
4.84387	1
4.84387	0
4.84482	1
4.84482	0
4.84576	1
4.84576	0
4.8467	1
4.8467	0
4.84765	1
4.84765	0
4.84859	1
4.84859	0
4.84954	1
4.84954	0
4.85048	1
4.85048	0
4.85142	1
4.85142	0
4.85237	1
4.85237	0
4.85331	1
4.85331	0
4.85426	1
4.85426	0
4.8552	1
4.8552	0
4.85614	1
4.85614	0
4.85709	1
4.85709	0
4.85803	1
4.85803	0
4.85898	1
4.85898	0
4.85992	1
4.85992	0
4.86086	1
4.86086	0
4.86181	1
4.86181	0
4.86275	1
4.86275	0
4.8637	1
4.8637	0
4.86464	1
4.86464	0
4.86558	1
4.86558	0
4.86653	1
4.86653	0
4.86747	1
4.86747	0
4.86842	1
4.86842	0
4.86936	1
4.86936	0
4.8703	1
4.8703	0
4.87125	1
4.87125	0
4.87219	1
4.87219	0
4.87314	1
4.87314	0
4.87408	1
4.87408	0
4.87502	1
4.87502	0
4.87597	1
4.87597	0
4.87691	1
4.87691	0
4.87786	1
4.87786	0
4.8788	1
4.8788	0
4.87974	1
4.87974	0
4.88069	1
4.88069	0
4.88163	1
4.88163	0
4.88258	1
4.88258	0
4.88352	1
4.88352	0
4.88446	1
4.88446	0
4.88541	1
4.88541	0
4.88635	1
4.88635	0
4.8873	1
4.8873	0
4.88824	1
4.88824	0
4.88918	1
4.88918	0
4.89013	1
4.89013	0
4.89107	1
4.89107	0
4.89202	1
4.89202	0
4.89296	1
4.89296	0
4.8939	1
4.8939	0
4.89485	1
4.89485	0
4.89579	1
4.89579	0
4.89632	1
4.89632	0
4.89715	1
4.89715	0
4.89809	1
4.89809	0
4.89892	1
4.89892	0
4.89974	1
4.89974	0
4.90069	1
4.90069	0
4.90151	1
4.90151	0
4.90234	1
4.90234	0
4.90328	1
4.90328	0
4.90411	1
4.90411	0
4.90493	1
4.90493	0
4.90588	1
4.90588	0
4.9067	1
4.9067	0
4.90753	1
4.90753	0
4.90847	1
4.90847	0
4.9093	1
4.9093	0
4.91012	1
4.91012	0
4.91107	1
4.91107	0
4.91182	1
4.91182	0
4.91276	1
4.91276	0
4.91371	1
4.91371	0
4.91465	1
4.91465	0
4.91516	1
4.91516	0
4.9156	1
4.9156	0
4.91563	1
4.91563	0
4.91599	1
4.9161	0
4.91646	1
4.91646	0
4.91654	1
4.91654	0
4.91693	1
4.91693	0
4.91728	1
4.9174	0
4.91748	1
4.91748	0
4.91843	1
4.91843	0
4.91866	1
4.91866	0
4.91914	1
4.91914	0
4.91937	1
4.91937	0
4.91949	1
4.91961	0
4.91996	1
4.91996	0
4.92032	1
4.92032	0
4.92043	1
4.92043	0
4.92079	1
4.92091	0
4.92126	1
4.92126	0
4.92126	1
4.92126	0
4.92173	1
4.92173	0
4.92208	1
4.9222	2
4.9222	1
4.9222	0
4.92256	1
4.92256	0
4.92303	1
4.92303	0
4.92315	1
4.92315	0
4.92338	1
4.9235	0
4.92385	1
4.92385	0
4.92409	1
4.92409	0
4.92433	1
4.92433	0
4.92468	1
4.9248	0
4.92504	1
4.92504	0
4.92515	1
4.92515	0
4.92562	1
4.92562	0
4.92598	1
4.92598	2
4.92598	1
4.9261	0
4.92645	1
4.92645	0
4.92692	1
4.92692	0
4.92692	1
4.92692	0
4.92728	1
4.92739	0
4.92775	1
4.92775	0
4.92787	1
4.92787	0
4.92822	1
4.92822	0
4.92857	1
4.92869	0
4.92881	1
4.92881	0
4.92918	1
4.92918	0
4.92965	1
4.92965	0
4.92976	1
4.92976	0
4.93	1
4.93012	0
4.9307	1
4.9307	0
4.93164	1
4.93164	0
4.93259	1
4.93259	0
4.93353	1
4.93353	0
4.93448	1
4.93448	0
4.93542	1
4.93542	0
4.93636	1
4.93636	0
4.93731	1
4.93731	0
4.93825	1
4.93825	0
4.9392	1
4.9392	0
4.94014	1
4.94014	0
4.94108	1
4.94108	0
4.94203	1
4.94203	0
4.94297	1
4.94297	0
4.94392	1
4.94392	0
4.94486	1
4.94486	0
4.9458	1
4.9458	0
4.94675	1
4.94675	0
4.94769	1
4.94769	0
4.94864	1
4.94864	0
4.94958	1
4.94958	0
4.95052	1
4.95052	0
4.95147	1
4.95147	0
4.95241	1
4.95241	0
4.95336	1
4.95336	0
4.9543	1
4.9543	0
4.95524	1
4.95524	0
4.95619	1
4.95619	0
4.95713	1
4.95713	0
4.95808	1
4.95808	0
4.95902	1
4.95902	0
4.95996	1
4.95996	0
4.96091	1
4.96091	0
4.96185	1
4.96185	0
4.9628	1
4.9628	0
4.96374	1
4.96374	0
4.96468	1
4.96468	0
4.96563	1
4.96563	0
4.96657	1
4.96657	0
4.96752	1
4.96752	0
4.96846	1
4.96846	0
4.9694	1
4.9694	0
4.97035	1
4.97035	0
4.97129	1
4.97129	0
4.97224	1
4.97224	0
4.97318	1
4.97318	0
4.97412	1
4.97412	0
4.97507	1
4.97507	0
4.97601	1
4.97601	0
4.97696	1
4.97696	0
4.9779	1
4.9779	0
4.97884	1
4.97884	0
4.97979	1
4.97979	0
4.98073	1
4.98073	0
4.98168	1
4.98168	0
4.98262	1
4.98262	0
4.98356	1
4.98356	0
4.98451	1
4.98451	0
4.98545	1
4.98545	0
4.9864	1
4.9864	0
4.98734	1
4.98734	0
4.98828	1
4.98828	0
4.98923	1
4.98923	0
4.99017	1
4.99017	0
4.99112	1
4.99112	0
4.99206	1
4.99206	0
4.993	1
4.993	0
4.99395	1
4.99395	0
4.99489	1
4.99489	0
4.99584	1
4.99584	0
4.99637	1
4.99637	0
4.99719	1
4.99719	0
4.99814	1
4.99814	0
4.99896	1
4.99896	0
4.99979	1
4.99979	0
5.00073	1
5.00073	0
5.00156	1
5.00156	0
5.00238	1
5.00238	0
5.00333	1
5.00333	0
5.00415	1
5.00415	0
5.00498	1
5.00498	0
5.00592	1
5.00592	0
5.00675	1
5.00675	0
5.00757	1
5.00757	0
5.00852	1
5.00852	0
5.00934	1
5.00934	0
5.01017	1
5.01017	0
5.01111	1
5.01111	0
5.01208	1
5.01208	0
5.01208	1
5.01208	2
5.01255	1
5.01302	0
5.01325	1
5.01325	2
5.01325	3
5.01338	2
5.01385	1
5.01432	0
5.01558	1
5.01558	0
5.01558	1
5.01558	2
5.01563	3
5.01563	2
5.01606	1
5.01646	2
5.01646	1
5.01653	0
5.01675	1
5.01675	2
5.01675	3
5.01688	2
5.01735	1
5.0174	2
5.0174	1
5.01783	0
5.01792	1
5.01792	2
5.01792	3
5.01818	2
5.01865	1
5.01909	2
5.01909	3
5.01909	4
5.01912	3
5.01914	4
5.01914	3
5.01948	2
5.01995	1
5.01996	2
5.01996	1
5.02026	2
5.02026	3
5.02026	4
5.02042	3
5.02077	2
5.02091	3
5.02091	2
5.02125	1
5.02142	2
5.02142	3
5.02142	4
5.02172	3
5.02173	4
5.02173	3
5.02207	2
5.02254	1
5.02256	2
5.02256	1
5.02259	2
5.02259	3
5.02259	4
5.02302	3
5.02337	2
5.0235	3
5.0235	2
5.02376	3
5.02376	4
5.02376	5
5.02384	4
5.02431	3
5.02433	4
5.02433	3
5.02467	2
5.02514	1
5.02515	2
5.02515	1
5.02561	0
5.0261	1
5.0261	0
5.0261	1
5.0261	0
5.0261	1
5.0261	2
5.02657	1
5.02692	2
5.02692	1
5.02704	0
5.02726	1
5.02726	2
5.02726	3
5.02739	2
5.02775	3
5.02775	2
5.02787	1
5.02834	0
5.02843	1
5.02843	2
5.02843	3
5.02869	4
5.02869	3
5.02869	2
5.02916	1
5.0296	2
5.0296	3
5.0296	4
5.02964	3
5.02965	4
5.02965	3
5.02999	2
5.03046	1
5.03047	2
5.03047	1
5.03077	2
5.03077	3
5.03077	4
5.03093	3
5.03129	2
5.03176	1
5.03194	2
5.03194	3
5.03194	4
5.03223	3
5.03258	2
5.03306	1
5.0331	2
5.0331	3
5.0331	4
5.03353	3
5.03388	2
5.03427	3
5.03427	4
5.03427	5
5.03435	4
5.03483	3
5.03518	2
5.03544	3
5.03544	4
5.03544	5
5.03565	4
5.03612	3
5.03648	2
5.03661	3
5.03661	4
5.03661	5
5.03695	4
5.03742	3
5.03777	2
5.03778	3
5.03778	4
5.03778	5
5.03825	4
5.03872	3
5.03907	2
5.03954	1
5.04002	0
5.04011	1
5.04011	2
5.04011	3
5.04037	2
5.04084	1
5.04128	2
5.04128	3
5.04128	4
5.04131	3
5.04167	2
5.04214	1
5.04245	2
5.04245	3
5.04245	4
5.04261	3
5.04296	2
5.04344	1
5.04362	2
5.04362	3
5.04362	4
5.04391	3
5.04426	2
5.04473	1
5.04478	2
5.04478	3
5.04478	4
5.04521	3
5.04556	2
5.04595	3
5.04595	4
5.04595	5
5.04603	4
5.0465	3
5.04686	2
5.04712	3
5.04712	4
5.04712	5
5.04733	4
5.0478	3
5.04816	2
5.04829	3
5.04829	4
5.04829	5
5.04863	4
5.0491	3
5.04945	2
5.04946	3
5.04946	4
5.04946	5
5.04992	4
5.0504	3
5.05062	4
5.05062	5
5.05062	6
5.05075	5
5.05122	4
5.05169	3
5.05179	4
5.05179	5
5.05179	6
5.05205	5
5.05252	4
5.05299	3
5.05335	2
5.05382	1
5.05413	2
5.05413	3
5.05413	4
5.05429	3
5.05464	2
5.05512	1
5.0553	2
5.0553	3
5.0553	4
5.05559	3
5.05594	2
5.05641	1
5.05646	2
5.05646	3
5.05646	4
5.05688	3
5.05724	2
5.05763	3
5.05763	4
5.05763	5
5.05771	4
5.05818	3
5.05854	2
5.0588	3
5.0588	4
5.0588	5
5.05901	4
5.05948	3
5.05983	2
5.05997	3
5.05997	4
5.05997	5
5.06031	4
5.06078	3
5.06113	2
5.06114	3
5.06114	4
5.06114	5
5.0616	4
5.06208	3
5.0623	4
5.0623	5
5.0623	6
5.06243	5
5.0629	4
5.06337	3
5.06347	4
5.06347	5
5.06347	6
5.06373	5
5.0642	4
5.06467	3
5.06502	2
5.0655	1
5.06581	2
5.06581	3
5.06581	4
5.06597	3
5.06632	2
5.06679	1
5.06698	2
5.06698	3
5.06698	4
5.06727	3
5.06762	2
5.06809	1
5.06814	2
5.06814	3
5.06814	4
5.06856	3
5.06892	2
5.06931	3
5.06931	4
5.06931	5
5.06939	4
5.06986	3
5.07021	2
5.07048	3
5.07048	4
5.07048	5
5.07069	4
5.07116	3
5.07151	2
5.07165	3
5.07165	4
5.07165	5
5.07198	4
5.07246	3
5.07281	2
5.07282	3
5.07282	4
5.07282	5
5.07328	4
5.07375	3
5.07398	4
5.07398	5
5.07398	6
5.07411	5
5.07458	4
5.07505	3
5.07515	4
5.07515	5
5.07515	6
5.0754	5
5.07588	4
5.07632	5
5.07632	6
5.07632	7
5.07635	6
5.0767	5
5.07717	4
5.07749	5
5.07749	6
5.07749	7
5.07765	6
5.078	5
5.07847	4
5.07894	3
5.0793	2
5.07977	1
5.07982	2
5.07982	3
5.07982	4
5.08024	3
5.0806	2
5.08099	3
5.08099	4
5.08099	5
5.08107	4
5.08154	3
5.08189	2
5.08216	3
5.08216	4
5.08216	5
5.08236	4
5.08284	3
5.08319	2
5.08333	3
5.08333	4
5.08333	5
5.08366	4
5.08413	3
5.08449	2
5.0845	3
5.0845	4
5.0845	5
5.08496	4
5.08543	3
5.08566	4
5.08566	5
5.08566	6
5.08579	5
5.08626	4
5.08673	3
5.08683	4
5.08683	5
5.08683	6
5.08708	5
5.08756	4
5.088	5
5.088	6
5.088	7
5.08803	6
5.08838	5
5.08885	4
5.08932	3
5.08968	2
5.09015	1
5.09034	2
5.09034	3
5.09034	4
5.09062	3
5.09098	2
5.09145	1
5.0915	2
5.0915	3
5.0915	4
5.09192	3
5.09227	2
5.09267	3
5.09267	4
5.09267	5
5.09275	4
5.09322	3
5.09357	2
5.09384	3
5.09384	4
5.09384	5
5.09404	4
5.09452	3
5.09487	2
5.09501	3
5.09501	4
5.09501	5
5.09534	4
5.09581	3
5.09617	2
5.09618	3
5.09618	4
5.09618	5
5.09664	4
5.09711	3
5.09734	4
5.09734	5
5.09734	6
5.09746	5
5.09794	4
5.09841	3
5.09851	4
5.09851	5
5.09851	6
5.09876	5
5.09923	4
5.09968	5
5.09968	6
5.09968	7
5.09971	6
5.10006	5
5.10053	4
5.10085	5
5.10085	6
5.10085	7
5.101	6
5.10136	5
5.10183	4
5.10202	5
5.10202	6
5.10202	7
5.1023	6
5.10265	5
5.10313	4
5.1036	3
5.10395	2
5.10435	3
5.10435	4
5.10435	5
5.10442	4
5.1049	3
5.10525	2
5.10552	3
5.10552	4
5.10552	5
5.10572	4
5.10619	3
5.10655	2
5.10669	3
5.10669	4
5.10669	5
5.10702	4
5.10749	3
5.10784	2
5.10786	3
5.10786	4
5.10786	5
5.10832	4
5.10879	3
5.10902	4
5.10902	5
5.10902	6
5.10914	5
5.10961	4
5.11009	3
5.11019	4
5.11019	5
5.11019	6
5.11044	5
5.11091	4
5.11136	5
5.11136	6
5.11136	7
5.11138	6
5.11174	5
5.11221	4
5.11255	5
5.11255	4
5.11268	3
5.11302	4
5.11302	3
5.11304	2
5.11338	3
5.1135	2
5.11351	1
5.11385	2
5.11385	1
5.11398	0
5.11432	1
5.11432	0
5.11468	1
5.11479	0
5.11568	1
5.11568	0
5.11606	1
5.11606	0
5.1165	1
5.1165	0
5.11653	1
5.11653	0
5.11688	1
5.117	0
5.11735	1
5.11735	0
5.11744	1
5.11744	0
5.11783	1
5.11783	0
5.11818	1
5.1183	0
5.11865	1
5.11865	0
5.11912	1
5.11912	0
5.11918	1
5.11918	0
5.11948	1
5.1196	0
5.11995	1
5.11995	0
5.12	1
5.12	0
5.12042	1
5.12042	0
5.12077	1
5.12089	0
5.12095	1
5.12095	0
5.12125	1
5.12125	0
5.12172	1
5.12172	0
5.12177	1
5.12177	0
5.12207	1
5.12219	0
5.12254	1
5.12254	0
5.1226	1
5.1226	0
5.12302	1
5.12302	0
5.12337	1
5.12349	0
5.12354	1
5.12354	0
5.12384	1
5.12384	0
5.12431	1
5.12431	0
5.12437	1
5.12437	0
5.12467	1
5.12479	0
5.12514	1
5.12514	0
5.1252	1
5.1252	0
5.12561	1
5.12561	0
5.12596	1
5.12608	0
5.12614	1
5.12614	0
5.12657	1
5.12657	0
5.12696	1
5.12696	0
5.12704	1
5.12704	0
5.12739	1
5.12751	0
5.12779	1
5.12779	0
5.12787	1
5.12787	0
5.12834	1
5.12834	0
5.12869	1
5.12873	2
5.12873	1
5.12881	0
5.12916	1
5.12916	0
5.12964	1
5.12964	0
5.12969	1
5.12969	0
5.12999	1
5.13011	0
5.13046	1
5.13046	0
5.13052	1
5.13052	0
5.13093	1
5.13093	0
5.13129	1
5.1314	0
5.13176	1
5.13176	0
5.13223	1
5.13223	0
5.13258	1
5.1327	0
5.13306	1
5.13306	0
5.13353	1
5.13353	0
5.13388	1
5.134	0
5.13435	1
5.13435	0
5.13483	1
5.13483	0
5.13518	1
5.1353	0
5.13565	1
5.13565	0
5.13612	1
5.13612	0
5.13648	1
5.1366	0
5.13695	1
5.13695	0
5.13742	1
5.13742	0
5.13777	1
5.13789	0
5.13825	1
5.13825	0
5.13872	1
5.13872	0
5.13907	1
5.13919	0
5.13954	1
5.13954	0
5.14002	1
5.14002	0
5.14037	1
5.14049	0
5.14084	1
5.14084	0
5.14131	1
5.14131	0
5.14167	1
5.14179	0
5.14214	1
5.14214	0
5.14261	1
5.14261	0
5.14296	1
5.14308	0
5.14344	1
5.14344	0
5.14391	1
5.14391	0
5.14426	1
5.14438	0
5.14473	1
5.14473	0
5.14521	1
5.14521	0
5.14556	1
5.14568	0
5.14603	1
5.14603	0
5.1465	1
5.1465	0
5.14686	1
5.14698	0
5.14733	1
5.14733	0
5.1478	1
5.1478	0
5.14816	1
5.14827	0
5.14863	1
5.14863	0
5.1491	1
5.1491	0
5.14945	1
5.14957	0
5.14992	1
5.14992	0
5.1504	1
5.1504	0
5.15075	1
5.15087	0
5.15122	1
5.15122	0
5.15169	1
5.15169	0
5.15205	1
5.15217	0
5.15252	1
5.15252	0
5.15299	1
5.15299	0
5.15335	1
5.15346	0
5.15382	1
5.15382	0
5.15429	1
5.15429	0
5.15464	1
5.15476	0
5.15512	1
5.15512	0
5.15559	1
5.15559	0
5.15594	1
5.15606	0
5.15641	1
5.15641	0
5.15688	1
5.15688	0
5.15724	1
5.15736	0
5.15771	1
5.15771	0
5.15818	1
5.15818	0
5.15854	1
5.15865	0
5.15901	1
5.15901	0
5.15948	1
5.15948	0
5.15983	1
5.15995	0
5.16031	1
5.16031	0
5.16078	1
5.16078	0
5.16113	1
5.16125	0
5.1616	1
5.1616	0
5.16208	1
5.16208	0
5.16243	1
5.16255	0
5.1629	1
5.1629	0
5.16337	1
5.16337	0
5.16373	1
5.16384	0
5.1642	1
5.1642	0
5.16467	1
5.16467	0
5.16502	1
5.16514	0
5.1655	1
5.1655	0
5.16597	1
5.16597	0
5.16632	1
5.16644	0
5.16679	1
5.16679	0
5.16727	1
5.16727	0
5.16762	1
5.16774	0
5.16809	1
5.16809	0
5.16856	1
5.16856	0
5.16892	1
5.16904	0
5.16939	1
5.16939	0
5.16986	1
5.16986	0
5.17021	1
5.17033	0
5.17069	1
5.17069	0
5.17116	1
5.17116	0
5.17151	1
5.17163	0
5.17198	1
5.17198	0
5.17246	1
5.17246	0
5.17281	1
5.17293	0
5.17328	1
5.17328	0
5.17375	1
5.17375	0
5.17411	1
5.17423	0
5.17458	1
5.17458	0
5.17505	1
5.17505	0
5.1754	1
5.17552	0
5.17588	1
5.17588	0
5.17635	1
5.17635	0
5.1767	1
5.17682	0
5.17717	1
5.17717	0
5.17765	1
5.17765	0
5.178	1
5.17812	0
5.17847	1
5.17847	0
5.17894	1
5.17894	0
5.1793	1
5.17942	0
5.17977	1
5.17977	0
5.18024	1
5.18024	0
5.1806	1
5.18071	0
5.18107	1
5.18107	0
5.18154	1
5.18154	0
5.18189	1
5.18201	0
5.18236	1
5.18236	0
5.18284	1
5.18284	0
5.18319	1
5.18331	0
5.18366	1
5.18366	0
5.18413	1
5.18413	0
5.18449	1
5.18461	0
5.18496	1
5.18496	0
5.18543	1
5.18543	0
5.18579	1
5.1859	0
5.18626	1
5.18626	0
5.18673	1
5.18673	0
5.18708	1
5.1872	0
5.18756	1
5.18756	0
5.18803	1
5.18803	0
5.18838	1
5.1885	0
5.18885	1
5.18885	0
5.18932	1
5.18932	0
5.18968	1
5.1898	0
5.19015	1
5.19015	0
5.19062	1
5.19062	0
5.19098	1
5.19109	0
5.19145	1
5.19145	0
5.19192	1
5.19192	0
5.19227	1
5.19239	0
5.19275	1
5.19275	0
5.19322	1
5.19322	0
5.19357	1
5.19369	0
5.19404	1
5.19404	0
5.19452	1
5.19452	0
5.19487	1
5.19499	0
5.19534	1
5.19534	0
5.19581	1
5.19581	0
5.19617	1
5.19628	0
5.19664	1
5.19664	0
5.19711	1
5.19711	0
5.19746	1
5.19758	0
5.19794	1
5.19794	0
5.19841	1
5.19841	0
5.19876	1
5.19888	0
5.19923	1
5.19923	0
5.19971	1
5.19971	0
5.20006	1
5.20018	0
5.20053	1
5.20053	0
5.201	1
5.201	0
5.20136	1
5.20148	0
5.20183	1
5.20183	0
5.2023	1
5.2023	0
5.20265	1
5.20277	0
5.20313	1
5.20313	0
5.2036	1
5.2036	0
5.20395	1
5.20407	0
5.20442	1
5.20442	0
5.2049	1
5.2049	0
5.20525	1
5.20537	0
5.20572	1
5.20572	0
5.20619	1
5.20619	0
5.20655	1
5.20667	0
5.20702	1
5.20702	0
5.20749	1
5.20749	0
5.20784	1
5.20796	0
5.20832	1
5.20832	0
5.20879	1
5.20879	0
5.20914	1
5.20926	0
5.20961	1
5.20961	0
5.21009	1
5.21009	0
5.21044	1
5.21056	0
5.21091	1
5.21091	0
5.21138	1
5.21138	0
5.21174	1
5.21186	0
5.21221	1
5.21221	0
5.21268	1
5.21268	0
5.21304	1
5.21315	0
5.2135	1
5.2135	0
5.21351	1
5.21351	0
5.21398	1
5.21398	0
5.21432	1
5.21432	0
5.21433	1
5.21445	0
5.21515	1
5.21515	0
5.21648	1
5.21648	0
5.21648	1
5.21648	2
5.21695	1
5.217	2
5.217	1
5.21742	0
5.21765	1
5.21765	2
5.21765	3
5.21778	2
5.21783	3
5.21783	2
5.21825	1
5.21865	2
5.21865	1
5.21872	0
5.2196	1
5.2196	0
5.21998	1
5.21998	0
5.21998	1
5.21998	2
5.22042	3
5.22042	2
5.22046	1
5.22093	0
5.22115	1
5.22115	2
5.22115	3
5.22125	4
5.22125	3
5.22128	2
5.22175	1
5.22219	2
5.22219	1
5.22223	0
5.22232	1
5.22232	2
5.22232	3
5.22258	2
5.22302	3
5.22302	2
5.22305	1
5.22352	0
5.22384	1
5.22384	0
5.22466	1
5.22466	0
5.22466	1
5.22466	2
5.22479	3
5.22479	2
5.22513	1
5.2256	0
5.22561	1
5.22561	0
5.22582	1
5.22582	2
5.22582	3
5.22595	2
5.22643	1
5.22644	2
5.22644	1
5.2269	0
5.22699	1
5.22699	2
5.22699	3
5.22725	2
5.22751	3
5.22751	2
5.22772	1
5.22816	2
5.22816	3
5.22816	4
5.2282	3
5.22834	4
5.22834	3
5.22855	2
5.22902	1
5.22916	2
5.22916	1
5.22933	2
5.22933	3
5.22933	4
5.22949	3
5.22985	2
5.23011	3
5.23011	2
5.23032	1
5.2305	2
5.2305	3
5.2305	4
5.23079	3
5.23093	4
5.23093	3
5.23114	2
5.23162	1
5.23176	2
5.23176	1
5.23209	0
5.2327	1
5.2327	0
5.23353	1
5.23353	0
5.23435	1
5.23435	0
5.2353	1
5.2353	0
5.23612	1
5.23612	0
5.23695	1
5.23695	0
5.23789	1
5.23789	0
5.23872	1
5.23872	0
5.23954	1
5.23954	0
5.24049	1
5.24049	0
5.24131	1
5.24131	0
5.24214	1
5.24214	0
5.24308	1
5.24308	0
5.24391	1
5.24391	0
5.24473	1
5.24473	0
5.24568	1
5.24568	0
5.2465	1
5.2465	0
5.24733	1
5.24733	0
5.24827	1
5.24827	0
5.2491	1
5.2491	0
5.24992	1
5.24992	0
5.25087	1
5.25087	0
5.25169	1
5.25169	0
5.25252	1
5.25252	0
5.25346	1
5.25346	0
5.25429	1
5.25429	0
5.25512	1
5.25512	0
5.25606	1
5.25606	0
5.25688	1
5.25688	0
5.25771	1
5.25771	0
5.25865	1
5.25865	0
5.25948	1
5.25948	0
5.26031	1
5.26031	0
5.26125	1
5.26125	0
5.26208	1
5.26208	0
5.2629	1
5.2629	0
5.26384	1
5.26384	0
5.26467	1
5.26467	0
5.2655	1
5.2655	0
5.26644	1
5.26644	0
5.26727	1
5.26727	0
5.26809	1
5.26809	0
5.26904	1
5.26904	0
5.26986	1
5.26986	0
5.27069	1
5.27069	0
5.27163	1
5.27163	0
5.27246	1
5.27246	0
5.27328	1
5.27328	0
5.27423	1
5.27423	0
5.27505	1
5.27505	0
5.27588	1
5.27588	0
5.27682	1
5.27682	0
5.27765	1
5.27765	0
5.27847	1
5.27847	0
5.27942	1
5.27942	0
5.28024	1
5.28024	0
5.28107	1
5.28107	0
5.28201	1
5.28201	0
5.28284	1
5.28284	0
5.28366	1
5.28366	0
5.28461	1
5.28461	0
5.28543	1
5.28543	0
5.28626	1
5.28626	0
5.2872	1
5.2872	0
5.28803	1
5.28803	0
5.28885	1
5.28885	0
5.2898	1
5.2898	0
5.29062	1
5.29062	0
5.29145	1
5.29145	0
5.29239	1
5.29239	0
5.29322	1
5.29322	0
5.29404	1
5.29404	0
5.29499	1
5.29499	0
5.29581	1
5.29581	0
5.29664	1
5.29664	0
5.29758	1
5.29758	0
5.29841	1
5.29841	0
5.29923	1
5.29923	0
5.30018	1
5.30018	0
5.301	1
5.301	0
5.30183	1
5.30183	0
5.30277	1
5.30277	0
5.3036	1
5.3036	0
5.30442	1
5.30442	0
5.30537	1
5.30537	0
5.30619	1
5.30619	0
5.30702	1
5.30702	0
5.30796	1
5.30796	0
5.30879	1
5.30879	0
5.30961	1
5.30961	0
5.31056	1
5.31056	0
5.31138	1
5.31138	0
5.31221	1
5.31221	0
5.31315	1
5.31315	0
5.31354	1
5.31354	0
5.31398	1
5.31398	0
5.31436	1
5.31436	0
5.3148	1
5.3148	0
5.31519	1
5.31519	0
5.31695	1
5.31695	0
5.31704	1
5.31704	0
5.31742	1
5.31742	0
5.31778	1
5.31787	2
5.31787	1
5.3179	0
5.31825	1
5.31825	0
5.31869	1
5.31869	0
5.31872	1
5.31872	0
5.31908	1
5.31919	0
5.31964	1
5.31964	0
5.32046	1
5.32046	0
5.32046	1
5.32046	0
5.32093	1
5.32093	0
5.32128	1
5.32129	2
5.32129	1
5.3214	0
5.32175	1
5.32175	0
5.32223	1
5.32223	0
5.32223	1
5.32223	0
5.32258	1
5.3227	0
5.32305	1
5.32305	0
5.32306	1
5.32306	0
5.32352	1
5.32352	0
5.32388	1
5.32388	2
5.32388	1
5.324	0
5.32483	1
5.32483	0
5.32513	1
5.32513	0
5.3256	1
5.3256	0
5.32565	1
5.32565	0
5.32595	1
5.32607	0
5.32643	1
5.32643	0
5.32648	1
5.32648	0
5.3269	1
5.3269	0
5.32725	1
5.32737	0
5.32756	1
5.32756	0
5.32772	1
5.32772	0
5.3282	1
5.3282	0
5.32838	1
5.32838	0
5.32855	1
5.32867	0
5.32902	1
5.32902	0
5.32921	1
5.32921	0
5.32949	1
5.32949	0
5.32985	1
5.32996	0
5.33015	1
5.33015	0
5.33032	1
5.33032	0
5.33079	1
5.33079	0
5.33098	1
5.33098	0
5.33114	1
5.33126	0
5.33162	1
5.33162	0
5.3318	1
5.3318	0
5.33209	1
5.33209	0
5.33244	1
5.33256	0
5.33275	1
5.33275	0
5.33357	1
5.33357	0
5.3344	1
5.3344	0
5.33534	1
5.33534	0
5.33617	1
5.33617	0
5.33699	1
5.33699	0
5.33794	1
5.33794	0
5.33876	1
5.33876	0
5.33959	1
5.33959	0
5.34053	1
5.34053	0
5.34136	1
5.34136	0
5.34218	1
5.34218	0
5.34313	1
5.34313	0
5.34395	1
5.34395	0
5.34478	1
5.34478	0
5.34572	1
5.34572	0
5.34655	1
5.34655	0
5.34737	1
5.34737	0
5.34832	1
5.34832	0
5.34914	1
5.34914	0
5.34997	1
5.34997	0
5.35091	1
5.35091	0
5.35174	1
5.35174	0
5.35256	1
5.35256	0
5.35351	1
5.35351	0
5.35433	1
5.35433	0
5.35516	1
5.35516	0
5.3561	1
5.3561	0
5.35693	1
5.35693	0
5.35775	1
5.35775	0
5.3587	1
5.3587	0
5.35952	1
5.35952	0
5.36035	1
5.36035	0
5.36129	1
5.36129	0
5.36212	1
5.36212	0
5.36294	1
5.36294	0
5.36389	1
5.36389	0
5.36471	1
5.36471	0
5.36554	1
5.36554	0
5.36648	1
5.36648	0
5.36731	1
5.36731	0
5.36813	1
5.36813	0
5.36908	1
5.36908	0
5.3699	1
5.3699	0
5.37073	1
5.37073	0
5.37167	1
5.37167	0
5.3725	1
5.3725	0
5.37332	1
5.37332	0
5.37427	1
5.37427	0
5.37509	1
5.37509	0
5.37592	1
5.37592	0
5.37686	1
5.37686	0
5.37769	1
5.37769	0
5.37852	1
5.37852	0
5.37946	1
5.37946	0
5.38028	1
5.38028	0
5.38111	1
5.38111	0
5.38205	1
5.38205	0
5.38288	1
5.38288	0
5.38371	1
5.38371	0
5.38465	1
5.38465	0
5.38548	1
5.38548	0
5.3863	1
5.3863	0
5.38724	1
5.38724	0
5.38807	1
5.38807	0
5.3889	1
5.3889	0
5.38984	1
5.38984	0
5.39067	1
5.39067	0
5.39149	1
5.39149	0
5.39244	1
5.39244	0
5.39326	1
5.39326	0
5.39409	1
5.39409	0
5.39503	1
5.39503	0
5.39586	1
5.39586	0
5.39668	1
5.39668	0
5.39763	1
5.39763	0
5.39845	1
5.39845	0
5.39928	1
5.39928	0
5.40022	1
5.40022	0
5.40105	1
5.40105	0
5.40187	1
5.40187	0
5.40282	1
5.40282	0
5.40364	1
5.40364	0
5.40447	1
5.40447	0
5.40541	1
5.40541	0
5.40624	1
5.40624	0
5.40706	1
5.40706	0
5.40801	1
5.40801	0
5.40883	1
5.40883	0
5.40966	1
5.40966	0
5.4106	1
5.4106	0
5.41143	1
5.41143	0
5.41225	1
5.41225	0
5.4132	1
5.4132	0
5.41387	1
5.41387	0
5.41387	1
5.41387	2
5.41402	3
5.41402	2
5.41434	1
5.41482	0
5.41485	1
5.41485	0
5.41504	1
5.41504	2
5.41504	3
5.41517	2
5.41564	1
5.41611	0
5.41738	1
5.41738	0
5.41738	1
5.41738	2
5.41785	1
5.4179	2
5.4179	1
5.41832	0
5.41854	1
5.41854	2
5.41854	3
5.41867	2
5.41872	3
5.41872	2
5.41915	1
5.41955	2
5.41955	1
5.41962	0
5.41971	1
5.41971	2
5.41971	3
5.41997	2
5.42044	1
5.42088	2
5.42088	3
5.42088	4
5.42092	3
5.42127	2
5.4214	3
5.4214	2
5.42174	1
5.42221	0
5.42223	1
5.42223	0
5.42305	1
5.42305	0
5.42322	1
5.42322	0
5.42322	1
5.42322	2
5.42369	1
5.424	2
5.424	1
5.42416	0
5.42438	1
5.42438	2
5.42438	3
5.42451	2
5.42499	1
5.42546	0
5.42555	1
5.42555	2
5.42555	3
5.4256	4
5.4256	3
5.42581	2
5.42628	1
5.42643	2
5.42643	1
5.42672	2
5.42672	3
5.42672	4
5.42676	3
5.42711	2
5.42737	3
5.42737	2
5.42758	1
5.42789	2
5.42789	3
5.42789	4
5.42805	3
5.4282	4
5.4282	3
5.42841	2
5.42888	1
5.42902	2
5.42902	1
5.42906	2
5.42906	3
5.42906	4
5.42935	3
5.4297	2
5.42996	3
5.42996	2
5.43018	1
5.43022	2
5.43022	3
5.43022	4
5.43065	3
5.43079	4
5.43079	3
5.431	2
5.43139	3
5.43139	4
5.43139	5
5.43147	4
5.43162	5
5.43162	4
5.43195	3
5.4323	2
5.43256	3
5.43256	2
5.43277	1
5.43324	0
5.43373	1
5.43373	0
5.43373	1
5.43373	2
5.4342	1
5.43467	0
5.4349	1
5.4349	2
5.4349	3
5.43503	2
5.4355	1
5.43597	0
5.43606	1
5.43606	2
5.43606	3
5.43632	2
5.4368	1
5.43723	2
5.43723	3
5.43723	4
5.43727	3
5.43762	2
5.43809	1
5.4384	2
5.4384	3
5.4384	4
5.43856	3
5.43892	2
5.43939	1
5.43957	2
5.43957	3
5.43957	4
5.43986	3
5.44022	2
5.44069	1
5.44074	2
5.44074	3
5.44074	4
5.44116	3
5.44151	2
5.4419	3
5.4419	4
5.4419	5
5.44199	4
5.44246	3
5.44281	2
5.44328	1
5.44376	0
5.44424	1
5.44424	0
5.44424	1
5.44424	2
5.44471	1
5.44518	0
5.44541	1
5.44541	2
5.44541	3
5.44554	2
5.44601	1
5.44648	0
5.44658	1
5.44658	2
5.44658	3
5.44684	2
5.44731	1
5.44774	2
5.44774	3
5.44774	4
5.44778	3
5.44813	2
5.4486	1
5.44891	2
5.44891	3
5.44891	4
5.44908	3
5.44943	2
5.4499	1
5.45008	2
5.45008	3
5.45008	4
5.45037	3
5.45073	2
5.4512	1
5.45125	2
5.45125	3
5.45125	4
5.45167	3
5.45203	2
5.45242	3
5.45242	4
5.45242	5
5.4525	4
5.45297	3
5.45332	2
5.45358	3
5.45358	4
5.45358	5
5.4538	4
5.45427	3
5.45462	2
5.45475	3
5.45475	4
5.45475	5
5.45509	4
5.45556	3
5.45592	2
5.45639	1
5.45686	0
5.45709	1
5.45709	2
5.45709	3
5.45722	2
5.45769	1
5.45816	0
5.45826	1
5.45826	2
5.45826	3
5.45851	2
5.45899	1
5.45942	2
5.45942	3
5.45942	4
5.45946	3
5.45981	2
5.46028	1
5.46059	2
5.46059	3
5.46059	4
5.46076	3
5.46111	2
5.46158	1
5.46176	2
5.46176	3
5.46176	4
5.46205	3
5.46241	2
5.46288	1
5.46293	2
5.46293	3
5.46293	4
5.46335	3
5.4637	2
5.4641	3
5.4641	4
5.4641	5
5.46418	4
5.46465	3
5.465	2
5.46526	3
5.46526	4
5.46526	5
5.46547	4
5.46595	3
5.4663	2
5.46677	1
5.46724	0
5.4676	1
5.4676	0
5.4676	1
5.4676	2
5.46807	1
5.46854	0
5.46877	1
5.46877	2
5.46877	3
5.4689	2
5.46937	1
5.46984	0
5.46994	1
5.46994	2
5.46994	3
5.4702	2
5.47067	1
5.4711	2
5.4711	3
5.4711	4
5.47114	3
5.47149	2
5.47196	1
5.47227	2
5.47227	3
5.47227	4
5.47244	3
5.47279	2
5.47326	1
5.47344	2
5.47344	3
5.47344	4
5.47373	3
5.47409	2
5.47456	1
5.47461	2
5.47461	3
5.47461	4
5.47503	3
5.47539	2
5.47578	3
5.47578	4
5.47578	5
5.47586	4
5.47633	3
5.47668	2
5.47694	3
5.47694	4
5.47694	5
5.47716	4
5.47763	3
5.47798	2
5.47811	3
5.47811	4
5.47811	5
5.47845	4
5.47892	3
5.47928	2
5.47975	1
5.48022	0
5.48045	1
5.48045	2
5.48045	3
5.48058	2
5.48105	1
5.48152	0
5.48162	1
5.48162	2
5.48162	3
5.48187	2
5.48235	1
5.48278	2
5.48278	3
5.48278	4
5.48282	3
5.48317	2
5.48364	1
5.48395	2
5.48395	3
5.48395	4
5.48412	3
5.48447	2
5.48494	1
5.48512	2
5.48512	3
5.48512	4
5.48541	3
5.48577	2
5.48624	1
5.48629	2
5.48629	3
5.48629	4
5.48671	3
5.48706	2
5.48746	3
5.48746	4
5.48746	5
5.48754	4
5.48801	3
5.48836	2
5.48862	3
5.48862	4
5.48862	5
5.48883	4
5.48931	3
5.48966	2
5.49013	1
5.4906	0
5.49096	1
5.49096	0
5.49096	1
5.49096	2
5.49143	1
5.4919	0
5.49213	1
5.49213	2
5.49213	3
5.49226	2
5.49273	1
5.4932	0
5.4933	1
5.4933	2
5.4933	3
5.49356	2
5.49403	1
5.49446	2
5.49446	3
5.49446	4
5.4945	3
5.49485	2
5.49532	1
5.49563	2
5.49563	3
5.49563	4
5.4958	3
5.49615	2
5.49662	1
5.4968	2
5.4968	3
5.4968	4
5.49709	3
5.49745	2
5.49792	1
5.49797	2
5.49797	3
5.49797	4
5.49839	3
5.49875	2
5.49914	3
5.49914	4
5.49914	5
5.49922	4
5.49969	3
5.50004	2
5.5003	3
5.5003	4
5.5003	5
5.50052	4
5.50099	3
5.50134	2
5.50147	3
5.50147	4
5.50147	5
5.50181	4
5.50228	3
5.50264	2
5.50311	1
5.50358	0
5.50381	1
5.50381	2
5.50381	3
5.50394	2
5.50441	1
5.50488	0
5.50498	1
5.50498	2
5.50498	3
5.50523	2
5.50571	1
5.50614	2
5.50614	3
5.50614	4
5.50618	3
5.50653	2
5.507	1
5.50731	2
5.50731	3
5.50731	4
5.50748	3
5.50783	2
5.5083	1
5.50848	2
5.50848	3
5.50848	4
5.50877	3
5.50913	2
5.5096	1
5.50965	2
5.50965	3
5.50965	4
5.51007	3
5.51042	2
5.51082	3
5.51082	4
5.51082	5
5.5109	4
5.51137	3
5.51172	2
5.51198	3
5.51198	4
5.51198	5
5.51219	4
5.51267	3
5.51302	2
5.51349	1
5.51396	0
5.51432	1
5.51432	0
5.51432	1
5.51432	2
5.51434	3
5.51434	2
5.51479	1
5.51482	2
5.51482	1
5.51517	2
5.51526	1
5.51529	0
5.51549	1
5.51549	2
5.51549	3
5.51562	2
5.51564	3
5.51564	2
5.51609	1
5.51611	2
5.51611	1
5.51647	2
5.51656	1
5.51659	0
5.51785	1
5.51785	0
5.51794	1
5.51794	0
5.51832	1
5.51832	0
5.51867	1
5.51876	2
5.51876	1
5.51879	0
5.51915	1
5.51915	0
5.51959	1
5.51959	0
5.51962	1
5.51962	0
5.51997	1
5.52009	0
5.52044	1
5.52044	0
5.52092	1
5.52092	0
5.52127	1
5.52139	0
5.52144	1
5.52144	0
5.52174	1
5.52174	0
5.52221	1
5.52221	0
5.52227	1
5.52227	0
5.52257	1
5.52268	0
5.52309	1
5.52309	0
5.52369	1
5.52369	0
5.52404	1
5.52404	0
5.52416	1
5.52416	0
5.52451	1
5.52463	0
5.52499	1
5.52499	0
5.52546	1
5.52546	0
5.52564	1
5.52564	0
5.52581	1
5.52593	0
5.52628	1
5.52628	0
5.52647	1
5.52647	0
5.52676	1
5.52676	0
5.52711	1
5.52723	0
5.52741	1
5.52741	0
5.52758	1
5.52758	0
5.52805	1
5.52805	0
5.52824	1
5.52824	0
5.52841	1
5.52852	0
5.52888	1
5.52888	0
5.52906	1
5.52906	0
5.52935	1
5.52935	0
5.5297	1
5.52982	0
5.53001	1
5.53001	0
5.53018	1
5.53018	0
5.53065	1
5.53065	0
5.53083	1
5.53083	0
5.531	1
5.53112	0
5.53147	1
5.53147	0
5.53166	1
5.53166	0
5.53195	1
5.53195	0
5.5323	1
5.53242	0
5.5326	1
5.5326	0
5.53277	1
5.53277	0
5.53324	1
5.53324	0
5.5336	1
5.53372	0
5.5342	1
5.5342	0
5.53467	1
5.53467	0
5.53503	1
5.53514	0
5.5355	1
5.5355	0
5.53597	1
5.53597	0
5.53632	1
5.53644	0
5.5368	1
5.5368	0
5.53727	1
5.53727	0
5.53762	1
5.53774	0
5.53809	1
5.53809	0
5.53856	1
5.53856	0
5.53892	1
5.53904	0
5.53939	1
5.53939	0
5.53986	1
5.53986	0
5.54022	1
5.54033	0
5.54069	1
5.54069	0
5.54116	1
5.54116	0
5.54151	1
5.54163	0
5.54199	1
5.54199	0
5.54246	1
5.54246	0
5.54281	1
5.54293	0
5.54328	1
5.54328	0
5.54376	1
5.54376	0
5.54411	1
5.54423	0
5.54471	1
5.54471	0
5.54518	1
5.54518	0
5.54554	1
5.54566	0
5.54601	1
5.54601	0
5.54648	1
5.54648	0
5.54684	1
5.54695	0
5.54731	1
5.54731	0
5.54778	1
5.54778	0
5.54813	1
5.54825	0
5.5486	1
5.5486	0
5.54908	1
5.54908	0
5.54943	1
5.54955	0
5.5499	1
5.5499	0
5.55037	1
5.55037	0
5.55073	1
5.55085	0
5.5512	1
5.5512	0
5.55167	1
5.55167	0
5.55203	1
5.55214	0
5.5525	1
5.5525	0
5.55297	1
5.55297	0
5.55332	1
5.55344	0
5.5538	1
5.5538	0
5.55427	1
5.55427	0
5.55462	1
5.55474	0
5.55509	1
5.55509	0
5.55556	1
5.55556	0
5.55592	1
5.55604	0
5.55639	1
5.55639	0
5.55686	1
5.55686	0
5.55722	1
5.55733	0
5.55769	1
5.55769	0
5.55816	1
5.55816	0
5.55851	1
5.55863	0
5.55899	1
5.55899	0
5.55946	1
5.55946	0
5.55981	1
5.55993	0
5.56028	1
5.56028	0
5.56076	1
5.56076	0
5.56111	1
5.56123	0
5.56158	1
5.56158	0
5.56205	1
5.56205	0
5.56241	1
5.56252	0
5.56288	1
5.56288	0
5.56335	1
5.56335	0
5.5637	1
5.56382	0
5.56418	1
5.56418	0
5.56465	1
5.56465	0
5.565	1
5.56512	0
5.56547	1
5.56547	0
5.56595	1
5.56595	0
5.5663	1
5.56642	0
5.56677	1
5.56677	0
5.56724	1
5.56724	0
5.5676	1
5.56772	0
5.56807	1
5.56807	0
5.56854	1
5.56854	0
5.5689	1
5.56902	0
5.56937	1
5.56937	0
5.56984	1
5.56984	0
5.5702	1
5.57031	0
5.57067	1
5.57067	0
5.57114	1
5.57114	0
5.57149	1
5.57161	0
5.57196	1
5.57196	0
5.57244	1
5.57244	0
5.57279	1
5.57291	0
5.57326	1
5.57326	0
5.57373	1
5.57373	0
5.57409	1
5.57421	0
5.57456	1
5.57456	0
5.57503	1
5.57503	0
5.57539	1
5.5755	0
5.57586	1
5.57586	0
5.57633	1
5.57633	0
5.57668	1
5.5768	0
5.57716	1
5.57716	0
5.57763	1
5.57763	0
5.57798	1
5.5781	0
5.57845	1
5.57845	0
5.57892	1
5.57892	0
5.57928	1
5.5794	0
5.57975	1
5.57975	0
5.58022	1
5.58022	0
5.58058	1
5.58069	0
5.58105	1
5.58105	0
5.58152	1
5.58152	0
5.58187	1
5.58199	0
5.58235	1
5.58235	0
5.58282	1
5.58282	0
5.58317	1
5.58329	0
5.58364	1
5.58364	0
5.58412	1
5.58412	0
5.58447	1
5.58459	0
5.58494	1
5.58494	0
5.58541	1
5.58541	0
5.58577	1
5.58588	0
5.58624	1
5.58624	0
5.58671	1
5.58671	0
5.58706	1
5.58718	0
5.58754	1
5.58754	0
5.58801	1
5.58801	0
5.58836	1
5.58848	0
5.58883	1
5.58883	0
5.58931	1
5.58931	0
5.58966	1
5.58978	0
5.59013	1
5.59013	0
5.5906	1
5.5906	0
5.59096	1
5.59108	0
5.59143	1
5.59143	0
5.5919	1
5.5919	0
5.59226	1
5.59238	0
5.59273	1
5.59273	0
5.5932	1
5.5932	0
5.59356	1
5.59367	0
5.59403	1
5.59403	0
5.5945	1
5.5945	0
5.59485	1
5.59497	0
5.59532	1
5.59532	0
5.5958	1
5.5958	0
5.59615	1
5.59627	0
5.59662	1
5.59662	0
5.59709	1
5.59709	0
5.59745	1
5.59757	0
5.59792	1
5.59792	0
5.59839	1
5.59839	0
5.59875	1
5.59886	0
5.59922	1
5.59922	0
5.59969	1
5.59969	0
5.60004	1
5.60016	0
5.60052	1
5.60052	0
5.60099	1
5.60099	0
5.60134	1
5.60146	0
5.60181	1
5.60181	0
5.60228	1
5.60228	0
5.60264	1
5.60276	0
5.60311	1
5.60311	0
5.60358	1
5.60358	0
5.60394	1
5.60405	0
5.60441	1
5.60441	0
5.60488	1
5.60488	0
5.60523	1
5.60535	0
5.60571	1
5.60571	0
5.60618	1
5.60618	0
5.60653	1
5.60665	0
5.607	1
5.607	0
5.60748	1
5.60748	0
5.60783	1
5.60795	0
5.6083	1
5.6083	0
5.60877	1
5.60877	0
5.60913	1
5.60924	0
5.6096	1
5.6096	0
5.61007	1
5.61007	0
5.61042	1
5.61054	0
5.6109	1
5.6109	0
5.61137	1
5.61137	0
5.61172	1
5.61184	0
5.61219	1
5.61219	0
5.61267	1
5.61267	0
5.61302	1
5.61314	0
5.61349	1
5.61349	0
5.61396	1
5.61396	0
5.61432	1
5.61444	0
5.61479	1
5.61479	0
5.61482	1
5.61482	0
5.61526	1
5.61526	0
5.61562	1
5.61564	2
5.61564	1
5.61574	0
5.61609	1
5.61609	0
5.61656	1
5.61656	0
5.61659	1
5.61659	0
5.61692	1
5.61703	0
5.61827	1
5.61827	0
5.61827	1
5.61827	2
5.61832	3
5.61832	2
5.61874	1
5.61915	2
5.61915	1
5.61922	0
5.61944	1
5.61944	2
5.61944	3
5.61957	2
5.62004	1
5.62009	2
5.62009	1
5.62051	0
5.62092	1
5.62092	0
5.62174	1
5.62174	0
5.62178	1
5.62178	0
5.62178	1
5.62178	2
5.62225	1
5.62268	2
5.62268	1
5.62272	0
5.62294	1
5.62294	2
5.62294	3
5.62307	2
5.62355	1
5.62402	0
5.62411	1
5.62411	2
5.62411	3
5.62416	4
5.62416	3
5.62437	2
5.62484	1
5.62499	2
5.62499	1
5.62532	0
5.62593	1
5.62593	0
5.62645	1
5.62645	0
5.62645	1
5.62645	2
5.62676	3
5.62676	2
5.62692	1
5.62739	0
5.62758	1
5.62758	0
5.62762	1
5.62762	2
5.62762	3
5.62775	2
5.62822	1
5.62852	2
5.62852	1
5.62869	0
5.62878	1
5.62878	2
5.62878	3
5.62904	2
5.62935	3
5.62935	2
5.62952	1
5.62999	0
5.63018	1
5.63018	0
5.63112	1
5.63112	0
5.63112	1
5.63112	0
5.63112	1
5.63112	2
5.63159	1
5.63195	2
5.63195	1
5.63206	0
5.63229	1
5.63229	2
5.63229	3
5.63242	2
5.63277	3
5.63277	2
5.63289	1
5.63336	0
5.63346	1
5.63346	2
5.63346	3
5.63372	4
5.63372	3
5.63372	2
5.63419	1
5.63466	0
5.63467	1
5.63467	0
5.6355	1
5.6355	0
5.63644	1
5.63644	0
5.63727	1
5.63727	0
5.63809	1
5.63809	0
5.63904	1
5.63904	0
5.63986	1
5.63986	0
5.64069	1
5.64069	0
5.64163	1
5.64163	0
5.64246	1
5.64246	0
5.64328	1
5.64328	0
5.64423	1
5.64423	0
5.64518	1
5.64518	0
5.64601	1
5.64601	0
5.64695	1
5.64695	0
5.64778	1
5.64778	0
5.6486	1
5.6486	0
5.64955	1
5.64955	0
5.65037	1
5.65037	0
5.6512	1
5.6512	0
5.65214	1
5.65214	0
5.65297	1
5.65297	0
5.6538	1
5.6538	0
5.65474	1
5.65474	0
5.65556	1
5.65556	0
5.65639	1
5.65639	0
5.65733	1
5.65733	0
5.65816	1
5.65816	0
5.65899	1
5.65899	0
5.65993	1
5.65993	0
5.66076	1
5.66076	0
5.66158	1
5.66158	0
5.66252	1
5.66252	0
5.66335	1
5.66335	0
5.66418	1
5.66418	0
5.66512	1
5.66512	0
5.66595	1
5.66595	0
5.66677	1
5.66677	0
5.66772	1
5.66772	0
5.66854	1
5.66854	0
5.66937	1
5.66937	0
5.67031	1
5.67031	0
5.67114	1
5.67114	0
5.67196	1
5.67196	0
5.67291	1
5.67291	0
5.67373	1
5.67373	0
5.67456	1
5.67456	0
5.6755	1
5.6755	0
5.67633	1
5.67633	0
5.67716	1
5.67716	0
5.6781	1
5.6781	0
5.67892	1
5.67892	0
5.67975	1
5.67975	0
5.68069	1
5.68069	0
5.68152	1
5.68152	0
5.68235	1
5.68235	0
5.68329	1
5.68329	0
5.68412	1
5.68412	0
5.68494	1
5.68494	0
5.68588	1
5.68588	0
5.68671	1
5.68671	0
5.68754	1
5.68754	0
5.68848	1
5.68848	0
5.68931	1
5.68931	0
5.69013	1
5.69013	0
5.69108	1
5.69108	0
5.6919	1
5.6919	0
5.69273	1
5.69273	0
5.69367	1
5.69367	0
5.6945	1
5.6945	0
5.69532	1
5.69532	0
5.69627	1
5.69627	0
5.69709	1
5.69709	0
5.69792	1
5.69792	0
5.69886	1
5.69886	0
5.69969	1
5.69969	0
5.70052	1
5.70052	0
5.70146	1
5.70146	0
5.70228	1
5.70228	0
5.70311	1
5.70311	0
5.70405	1
5.70405	0
5.70488	1
5.70488	0
5.70571	1
5.70571	0
5.70665	1
5.70665	0
5.70748	1
5.70748	0
5.7083	1
5.7083	0
5.70924	1
5.70924	0
5.71007	1
5.71007	0
5.7109	1
5.7109	0
5.71184	1
5.71184	0
5.71267	1
5.71267	0
5.71349	1
5.71349	0
5.71444	1
5.71444	0
5.71486	1
5.71486	0
5.71526	1
5.71526	0
5.71568	1
5.71568	0
5.71609	1
5.71609	0
5.71663	1
5.71663	0
5.71703	1
5.71703	0
5.71836	1
5.71836	0
5.71874	1
5.71874	0
5.71919	1
5.71919	0
5.71922	1
5.71922	0
5.71957	1
5.71969	0
5.72004	1
5.72004	0
5.72013	1
5.72013	0
5.72051	1
5.72051	0
5.72087	1
5.72096	2
5.72096	1
5.72099	0
5.72178	1
5.72178	0
5.72225	1
5.72225	0
5.72272	1
5.72272	0
5.72273	1
5.72273	0
5.72307	1
5.72319	0
5.72355	1
5.72355	0
5.72402	1
5.72402	0
5.7242	1
5.7242	0
5.72437	1
5.72449	0
5.72484	1
5.72484	0
5.72503	1
5.72503	0
5.72532	1
5.72532	0
5.72567	1
5.72579	0
5.72597	1
5.72597	0
5.7268	1
5.7268	0
5.72692	1
5.72692	0
5.72739	1
5.72739	0
5.72762	1
5.72762	0
5.72775	1
5.72786	0
5.72822	1
5.72822	0
5.72857	1
5.72857	0
5.72869	1
5.72869	0
5.72904	1
5.72916	0
5.72939	1
5.72939	0
5.72952	1
5.72952	0
5.72999	1
5.72999	0
5.73022	1
5.73022	0
5.73034	1
5.73046	0
5.73116	1
5.73116	0
5.73159	1
5.73159	0
5.73199	1
5.73199	0
5.73206	1
5.73206	0
5.73242	1
5.73254	0
5.73281	1
5.73281	0
5.73289	1
5.73289	0
5.73336	1
5.73336	0
5.73372	1
5.73376	2
5.73376	1
5.73383	0
5.73419	1
5.73419	0
5.73466	1
5.73466	0
5.73472	1
5.73472	0
5.73501	1
5.73513	0
5.73554	1
5.73554	0
5.73648	1
5.73648	0
5.73731	1
5.73731	0
5.73814	1
5.73814	0
5.73908	1
5.73908	0
5.73991	1
5.73991	0
5.74073	1
5.74073	0
5.74168	1
5.74168	0
5.7425	1
5.7425	0
5.74333	1
5.74333	0
5.74427	1
5.74427	0
5.74523	1
5.74523	0
5.74605	1
5.74605	0
5.747	1
5.747	0
5.74782	1
5.74782	0
5.74865	1
5.74865	0
5.74959	1
5.74959	0
5.75042	1
5.75042	0
5.75124	1
5.75124	0
5.75219	1
5.75219	0
5.75301	1
5.75301	0
5.75384	1
5.75384	0
5.75478	1
5.75478	0
5.75561	1
5.75561	0
5.75643	1
5.75643	0
5.75738	1
5.75738	0
5.7582	1
5.7582	0
5.75903	1
5.75903	0
5.75997	1
5.75997	0
5.7608	1
5.7608	0
5.76162	1
5.76162	0
5.76257	1
5.76257	0
5.76339	1
5.76339	0
5.76422	1
5.76422	0
5.76516	1
5.76516	0
5.76599	1
5.76599	0
5.76681	1
5.76681	0
5.76776	1
5.76776	0
5.76859	1
5.76859	0
5.76941	1
5.76941	0
5.77036	1
5.77036	0
5.77118	1
5.77118	0
5.77201	1
5.77201	0
5.77295	1
5.77295	0
5.77378	1
5.77378	0
5.7746	1
5.7746	0
5.77555	1
5.77555	0
5.77637	1
5.77637	0
5.7772	1
5.7772	0
5.77814	1
5.77814	0
5.77897	1
5.77897	0
5.77979	1
5.77979	0
5.78074	1
5.78074	0
5.78156	1
5.78156	0
5.78239	1
5.78239	0
5.78333	1
5.78333	0
5.78416	1
5.78416	0
5.78498	1
5.78498	0
5.78593	1
5.78593	0
5.78675	1
5.78675	0
5.78758	1
5.78758	0
5.78852	1
5.78852	0
5.78935	1
5.78935	0
5.79017	1
5.79017	0
5.79112	1
5.79112	0
5.79195	1
5.79195	0
5.79277	1
5.79277	0
5.79372	1
5.79372	0
5.79454	1
5.79454	0
5.79537	1
5.79537	0
5.79631	1
5.79631	0
5.79714	1
5.79714	0
5.79796	1
5.79796	0
5.79891	1
5.79891	0
5.79973	1
5.79973	0
5.80056	1
5.80056	0
5.8015	1
5.8015	0
5.80233	1
5.80233	0
5.80315	1
5.80315	0
5.8041	1
5.8041	0
5.80492	1
5.80492	0
5.80575	1
5.80575	0
5.80669	1
5.80669	0
5.80752	1
5.80752	0
5.80834	1
5.80834	0
5.80929	1
5.80929	0
5.81011	1
5.81011	0
5.81094	1
5.81094	0
5.81188	1
5.81188	0
5.81271	1
5.81271	0
5.81353	1
5.81353	0
5.81448	1
5.81448	0
5.81531	1
5.81531	0
5.81566	1
5.81566	0
5.81566	1
5.81566	2
5.81613	3
5.81613	2
5.81614	1
5.81661	0
5.81683	1
5.81683	2
5.81683	3
5.81696	2
5.81708	3
5.81708	2
5.81743	1
5.81791	0
5.81917	1
5.81917	0
5.81917	1
5.81917	2
5.81922	3
5.81922	2
5.81964	1
5.82004	2
5.82004	1
5.82011	0
5.82034	1
5.82034	2
5.82034	3
5.82047	2
5.82094	1
5.82099	2
5.82099	1
5.82141	0
5.8215	1
5.8215	2
5.8215	3
5.82176	2
5.82224	1
5.82271	0
5.82272	1
5.82272	0
5.82355	1
5.82355	0
5.82384	1
5.82384	0
5.82384	1
5.82384	2
5.82431	1
5.82449	2
5.82449	1
5.82478	0
5.82501	1
5.82501	2
5.82501	3
5.82514	2
5.82532	3
5.82532	2
